Mixture	B_cells	CD4T_memory	CD8T_B	CD8T_G	Dendritic_cells	Monocytes_Macrophages	NK1	NK2	NK3	Plasma_cells	Tregs	P-value	Correlation	RMSE
TCGA.D3.A8GB.06A	0.0808084691066172	0.0519947684178729	0.179522510328625	0	0.0266626312072373	0.086280333039518	0.0256676004069531	0.10955860238931	0	0.386350063862911	0.0531550212409551	0	0.608555062436227	0.795524468355305
TCGA.WE.A8ZN.06A	0	0	0.153428250614153	0	0.0348620455260136	0.12388877221491	0.269061764236016	0.143296809069807	0	0.232811088464853	0.0426512698742483	0	0.169607147035294	1.04154447697904
TCGA.ER.A2NF.01A	0	0.0502909218488727	0.140625987654913	0	0.0230278384497638	0.0554971934450273	0.0673920170944403	0.0322417190498909	0	0.602533428756877	0.028390893700215	0	0.649593473387475	0.76469549008577
TCGA.HR.A2OH.06A	0	0.0210660452992241	0.309614274063501	0	0.0173276843151134	0.179653302459823	0.127455511615959	0.0492382789708916	0	0.265436793294583	0.0302081099809046	0	0.472802511138882	0.882091914658949
TCGA.WE.A8K6.06A	0	0.0691874716818696	0	0.0665813461260025	0.0570913148009084	0.213849573974946	0.113512053590477	0.114119918729602	0	0.277953647739712	0.0877046733564818	0	0.169841550867012	1.02401882157943
TCGA.RP.A695.06A	0	0.02695909087144	0.0846457884884527	0.00786057425680693	0.0168928826764326	0.0369380561153512	0.260742178579599	0.100283748492038	0	0.465677680519879	0	0	0.543311514370533	0.845159979938755
TCGA.D9.A3Z1.06A	0	0	0.171976846941065	0	0.043618922744467	0.115099757046402	0.211547687967764	0.00339696084779245	0	0.454359824452509	0	0	0.599792483189772	0.802941616311459
TCGA.GF.A6C8.06A	0	0.0626036104464295	0.11502544171829	0	0.0399297011715787	0.0983636759979214	0.345099530294318	0.112851676708359	0	0.226126363663104	0	0	0.46848173208355	0.88947654635283
TCGA.D3.A1Q6.06A	0	0.129372929184839	0.0135310336050122	0.0746348356365351	0	0.0954852467074202	0.258580184396357	0	0	0.428395770469836	0	0	0.214089188444968	1.04207013046826
TCGA.ER.A195.06A	0	0.080272540153615	0.169136204584576	0	0.0427724320916911	0.163072519706738	0.221768603343073	0.113875073709182	0	0.186457802584037	0.0226448238270876	0	0.365974102444284	0.936247767347883
TCGA.ER.A2NG.06A	0	0	0.234161050692576	0.0414963535760791	0.0142000633643553	0.194766416796955	0.246317750552528	0.080693145144226	0	0.188365219873281	0	0	0.536837101436736	0.847709050520414
TCGA.EB.A4IQ.01A	0	0.152073409999879	0	0.131873031292491	0.0573845919067358	0.0464324216925739	0.408791939283023	0	0	0.203444605825297	0	0	0.219349676144008	1.02903184291643
TCGA.EB.A3Y6.01A	0	0.0604901424554279	0.0256225023279043	0	0.055429400934207	0.102901492368749	0.452266691567203	0.20490516199643	0	0.098384608350078	0	0	0.145430632593937	1.07692298701663
TCGA.FR.A726.01A	0	0.0824059831611395	0.0229979985491709	0.0477373992817112	0.0291282339949009	0.108156868937853	0.557200579910455	0.0808359510104136	0	0.0715369851543569	0	0	0.261483275409264	1.04756849397286
TCGA.XV.AAZY.01A	0	0.0909623316225467	0.0684609835388919	0.00766116966293405	0.0638871582806292	0.0985558639962815	0.282197786901672	0.0816206553018817	0	0.306654050695163	0	0	0.457400553399989	0.893067941108084
TCGA.FS.A1ZS.06A	0	0.164320473570995	0	0.106127690476636	0.080884337491048	0.187519873237219	0.331621176803663	0	0	0.129526448420439	0	0	0.117475010794451	1.05236915503041
TCGA.ER.A2ND.06A	0	0.0334919727537506	0.00867585929304977	0	0.0449336787855981	0.135390254450953	0.383280125599715	0.0723538507046635	0	0.321874258412271	0	0	0.424125961006986	0.92165681493643
TCGA.DA.A1I5.06A	0.0024662506518467	0.0858037127876725	0.0962201741168679	0	0.0160215311685243	0.226286639454724	0.203499625717576	0	0	0.3077463571848	0.0619557089179893	0	0.483020212260952	0.876868770918515
TCGA.BF.AAP6.01A	0	0.082507041060908	0	0.0723718678410292	0.0401953277992492	0.0609850484302712	0.615537528755807	0.0862152742896813	0	0.0421879118230537	0	0	0.320750260459449	1.03260557936799
TCGA.EE.A180.06A	0	0.0941385661037094	0.0753536389852449	0.0429454528629868	0.0433798290015088	0.0757582746787546	0.587839422552822	0.0572556893316845	0	0.0233291264832886	0	0	0.179122348437783	1.12472912595704
TCGA.EB.A5VV.06A	0.338284127287236	0.276537328341432	0.0880738657837773	0	0.0327039691469283	0.034023944185445	0.00975111534833972	0.0329480044072422	0	0.158363504288837	0.0293141412107623	0	0.671815920963253	0.756209050786949
TCGA.BF.AAOU.01A	0	0.0394026866165287	0.0528884867533595	0	0.00215345006302104	0.0652666538103163	0.162793127045072	0.053160788466267	0	0.624334807245436	0	0	0.607939971745582	0.807085972855538
TCGA.EB.A431.01A	0	0.170785827022745	0.0262527859896427	0.0301198198323577	0.033452973687589	0.0416838166419122	0.5332907511826	0.00310577208971403	0	0.16130825355344	0	0	0.361519015753868	0.977972254665813
TCGA.EB.A24D.01A	0	0.0224432812849069	0	0.0128446891551287	0.0160804687154946	0.0161625877635383	0.259660683902663	0.105504728540418	0	0.56730356063785	0	0	0.596932865113825	0.811969809835822
TCGA.RP.A690.06A	0	0.178082745141626	0.0545507869675335	0.15110447284763	0.0917846939337877	0.235187087225627	0.00178481602969824	0	0	0.0773849525736987	0.210120445280398	0	0.184325319998232	1.01453720095823
TCGA.FR.A7U8.06A	0	0	0	0.160426706203059	0.0487437897905963	0.0528174757640505	0.593977542181134	0.094354146679612	0	0.0496803393815476	0	0	0.247154779513462	1.07802225185184
TCGA.ER.A19A.06A	0	0.0626937810097988	0.212521621635637	0	0.0537647320384359	0.317711473277099	0.0476820602520116	0.190104415814563	0	0.0678328987095619	0.0476890172628936	0	0.594262799347693	0.815467624825517
TCGA.DA.A1I0.06A	0	0.1541105769765	0	0	0.0433915765111334	0.0847799581810107	0.194137993414267	0	0	0.484243016755737	0.0393368781613522	0	0.514092386506234	0.863740981379562
TCGA.EE.A2A2.06A	0.0347126534885308	0.114928379314212	0	0.0855520126286589	0.00982992496102354	0.0521623201007707	0.395552911064789	0	0	0.307261798442015	0	0	0.524530628426865	0.855424683636065
TCGA.DA.A1HV.06A	0.000134307723339193	0.0431688212266708	0.214613978468488	0	0.0188664870477032	0.177233613963364	0.161802042477531	0.0404915552649602	0	0.343689193827944	0	0	0.512755071240406	0.85922962513646
TCGA.ER.A19D.06A	0	0.0830271494982815	0.0903413181955964	0	0.0483592957475609	0.177905057622907	0.310102611882348	0.00603099909422751	0	0.284233567959079	0	0	0.462687451413378	0.893082682264556
TCGA.EE.A29S.06A	0	0.108922418225918	0.00956332212813627	0.0255699248772779	0.0314189461463819	0.130842291671304	0.415687487972336	0	0	0.277995608978646	0	0	0.377665504216139	0.947717645840723
TCGA.W3.AA1V.06B	0	0	0.0234307944371874	0	0.0407957444837979	0.114278673990147	0.51472189019524	0.166611952892449	0	0.140160944001179	0	0	0.497079227870724	0.88780167223358
TCGA.EE.A29N.06A	0.0780610467535579	0.0967734312325391	0.038394693100902	0	0.0458305322808349	0.103078997466268	0.348263239630639	0	0	0.27112804603625	0.0184700134990088	0	0.466880830404683	0.890806195072342
TCGA.D3.A51R.06A	0	0.0739309711935373	0	0.171956946444024	0.0291017559273661	0.0130523693511799	0.67838526670206	0	0	0.033572690381833	0	0	0.450887769856564	0.967184511557877
TCGA.YG.AA3P.06A	0	0.031502355988554	0.0166802872432759	0.0582394734751195	0.0473513130158026	0.0532172460804021	0.478143953908369	0.104552907134654	0	0.210312463153823	0	0	0.213971116257886	1.05514658821651
TCGA.D3.A2JG.06A	0	0.0451932469657991	0	0.1170545476364	0.0077547225961832	0.0514745784160148	0.210661548773772	0	0	0.56786135561183	0	0	0.539488512000255	0.857642829181485
TCGA.W3.A825.06A	0	0.0433342301143269	0.122756579365945	0.043505738718431	0.0387521462448367	0.181051769411128	0.254499197769318	0.0222346030189218	0	0.288478887582177	0.005386847774916	0	0.463088568339941	0.890088702484913
TCGA.EE.A29V.06A	0	0.012911367352092	0	0.0741340356784545	0.0245842063104896	0.0490962723822164	0.471642835610701	0.0558806724957755	0	0.311750610170271	0	0	0.45051917049287	0.916762855565917
TCGA.ER.A19S.06A	0	0.0423046756977078	0.373651413877018	0	0.014496666882173	0.124565400751625	0	0	0.0146227145230571	0.407357462728539	0.0230016655398815	0	0.546165240725175	0.838069593648855
TCGA.EE.A2GE.06A	0	0.0812049404730078	0.249624438718769	0	0.0284369161820878	0.148527017056668	0.0311841282535881	0	0	0.447800321143918	0.0132222381719614	0	0.54622012765505	0.838021766158328
TCGA.EE.A2GD.06A	0	0.00359176333601371	0	0	0.0207123671802425	0.282933652084432	0.039155218863126	0.125134788216506	0	0.493755859247109	0.0347163510725716	0	0.44738890101384	0.915650347046948
TCGA.BF.A3DJ.01A	0	0.0795114907861338	0.0814486587899182	0	0.0231004993225667	0.265921149113211	0.182166894243326	0.0361794387508818	0	0.331671868993963	0	0	0.289756150165544	0.981762215303644
TCGA.Z2.AA3V.06A	0.0121280112216243	0.0020886576124205	0.181266974731103	0	0.0329481678381504	0.230130355815318	0.0857301348414839	0.0439941433328979	0	0.3551644348484	0.0565491197586024	0	0.510225058220715	0.860094487263048
TCGA.DA.A1IB.06A	0.216431785938621	0.132475188089215	0.113190824953703	0	0.0276125315229185	0.0908980362785604	0.0576321455620515	0.0363471645294134	0	0.274987939070559	0.0504243840549576	0	0.589631256389157	0.811380679986251
TCGA.D3.A2J7.06A	0	0.155471421452255	0.0843856851596931	0	0.00406989070290792	0.0620360279024731	0.0685543215670744	0	0.00257858210995721	0.616888838472127	0.00601523263351285	0	0.619824790293007	0.794462971405107
TCGA.W3.A824.06A	0	0	0.275389244945113	0	0.0150360228617685	0.151890886636607	0.207224397215117	0.120853411435377	0	0.229606036906017	0	0	0.452079387325106	0.895804911289129
TCGA.D3.A1Q8.06A	0	0.104098799375613	0	0	0.0241601550564017	0.161880139835469	0.159129303658838	0	0	0.550731602073678	0	0	0.569841128917058	0.828671720735181
TCGA.EE.A2M8.06A	0.0381147802469362	0.0465942365141052	0.383573357070144	0	0.012555368581427	0.135743206426351	0	0	0.03747890072565	0.271878776644543	0.0740613737908434	0	0.518662549467054	0.854185345567047
TCGA.GN.A26C.01A	0.00841123867348403	0.159891042112817	0.236269196931968	0	0.0124924688067744	0.147666388591241	0.0822894947106806	0	0	0.352980170173034	0	0	0.52479161560602	0.850559863611741
TCGA.EE.A2MR.06A	0.164194311295533	0.169162087151863	0.0454391581091927	0.0954623593040207	0.0240606481186944	0.108710619095181	0.213928972740985	0	0	0.17904184418453	0	0	0.60782355179271	0.812302732504776
TCGA.D3.A3C7.06A	0	0.134763940052738	0.192221004895678	0	0.0111492983794794	0.196290011871198	0.0831853472650417	0	0	0.35708052691177	0.0253098706240955	0	0.41238625434977	0.914919379020849
TCGA.EE.A29C.06A	0	0.0552240348265271	0.00527649467395641	0.0373107539472492	0.0376666942296841	0.0715591504939012	0.47008092808973	0.0648701063964244	0	0.258011837342527	0	0	0.506368210651377	0.87518609638811
TCGA.ER.A3ES.06A	0	0.0818027079760658	0	0.176540700401891	0.0388657642768504	0.00361147573758053	0.570806550836647	0.0528832504145758	0	0.0754895503563898	0	0	0.103331464251937	1.15910540234273
TCGA.ER.A19N.06A	0	0.0715076494413508	0.160568590329736	0	0.0434689885789884	0.27813101704378	0.167874644436557	0	0	0.278449110169589	0	0	0.42522984514979	0.909527635905913
TCGA.FS.A1ZM.06A	0	0.0778250067857191	0.366699813440724	0	0.0229704090997342	0.20748781393257	0.0941214844505364	0.0894702986093236	0	0.128239760549761	0.0131854131316319	0	0.307799590114631	0.967925370498323
TCGA.Z2.A8RT.06A	0.00711240999769503	0.143878470269248	0.0141500655432288	0	0.039912078619532	0.108419312522245	0.295632389116523	0	0	0.384013294074467	0.00688197985706157	0	0.497772857387982	0.871059178218883
TCGA.FS.A1ZG.06A	0	0.111690523946131	0	0.103544675162809	0.0471713971717924	0.0576397758453865	0.41988863117003	0.0188202414601364	0	0.241244755243714	0	0	0.151354407009815	1.06999075543453
TCGA.ER.A42H.01A	0	0	0	0.234160338374461	0.0720902578899928	0.0643800324848409	0.462362757059493	0.0616215840267208	0	0.105385030164492	0	0	0.18941719307333	1.06334854915662
TCGA.D3.A51K.06A	0.0144226220371357	0.087000457613478	0	0.0295782555884261	0.0509522840489123	0.0756526042225841	0.275842461867659	0	0	0.466551314621804	0	0	0.570676561216614	0.824713483019668
TCGA.D3.A3C1.06A	0.0127883219264663	0.0131437911857676	0.11803833890809	0	0.0597293690036023	0.0945913080184686	0	0.0327118750597697	0.0325124626299692	0.512135643930705	0.124348889337161	0	0.333533519192958	0.99616920198411
TCGA.WE.A8JZ.06A	0	0.201874660430968	0.0684308449365467	0.0393861941499023	0.0344923702092261	0.0404226186250956	0.312522342529622	0	0	0.302870969118639	0	0	0.277361159961977	0.994698311595311
TCGA.FS.A1YW.06A	0.0152457382023142	0.178352629878747	0	0.115929384906817	0.036621517355816	0.118000901953016	0.101800674666779	0	0	0.431751910647343	0.00229724238916803	0	0.398646169974731	0.930996819148349
TCGA.EE.A3AF.06A	0	0.123007051470423	0	0.0505731393031868	0.0476434948956481	0.212688797101562	0.41490739510273	0	0	0.15118012212645	0	0	0.347886899617249	0.958868798306822
TCGA.DA.A95Z.06A	0	0	0.0192747929844355	0.0748742974151413	0.0374875544724287	0.113335553876177	0.589950520585401	0.165077280666416	0	0	0	0	0.300087629928387	1.04485813334599
TCGA.GF.A4EO.06A	0.00931579364378019	0.0542000465944945	0.174768738326578	0	0.0149673990865413	0.122536978019894	0.0632714578041689	0.00836199497527763	0	0.514705871487137	0.037871720062128	0	0.576183650018455	0.819437690827653
TCGA.EB.A4OZ.01A	0	0.0590032746876971	0.240164809802181	0	0.0631849255498336	0.0953276992664912	0.0679747593895408	0.159117884958888	0	0.296402825386826	0.0188238209585425	0	0.385084841374826	0.928594937915612
TCGA.D3.A51N.06A	0	0	0.0517739234529629	0	0.00893287800553988	0.154569978319226	0.0801609011474581	0.0754054305550297	0	0.570609783012062	0.0585471055077215	0	0.608125041127455	0.797723679486537
TCGA.EB.A5UN.06A	0	0.0848380083631239	0.100958226556983	0	0.0103702564220342	0.153661601892537	0.300960066611869	0.0882082058696535	0	0.2610036342838	0	0	0.173429680291853	1.03878644461583
TCGA.EB.A551.01A	0	0.0709341911813215	0.301830642024159	0	0.0082929614198676	0.118516210569052	0.0753671242584537	0.0391465152440659	0	0.385912355303081	0	0	0.515651990480318	0.857059893783662
TCGA.EE.A2GL.06A	0.223994412097904	0.244540311228666	0.118012357356039	0	0.0579809574799068	0.0299436816339367	0.0815595684363594	0	0	0.243968711767188	0	0	0.657804314255155	0.767249357360797
TCGA.GN.A4U7.06A	0	0.0327286412554118	0.0145477823626841	0.0585729296727284	0.0201012723889097	0.0109500379575711	0.568408684708357	0.10242560034123	0	0.192265051313107	0	0	0.384785584775693	0.979358825947415
TCGA.EE.A2MF.06A	0	0.021703886750958	0	0.0216432842780666	0.0404609869944895	0.101593913154621	0.384741680259463	0.0860254860037503	0	0.343830762558652	0	0	0.413431121736938	0.929582014327593
TCGA.FR.A3R1.01A	0	0.0726855172396665	0.13549672221962	0	0	0.0490350905318653	0.283123136597502	0.0239900796803118	0	0.435669453731035	0	0	0.478367819496886	0.891373207364372
TCGA.WE.A8ZY.06A	0	0.0416945307515057	0.0426515288588802	0.0213518902153236	0.0152306175547259	0.089604064586146	0.517690721913943	0.0838016212331198	0	0.187975024886356	0	0	0.363843159599277	0.976406431884356
TCGA.XV.AAZW.01A	0	0.167342237830305	0.00914189756474676	0.0480510022513928	0.0591312876096107	0.0764285533674422	0.590787464425318	0	0	0.0491175569511835	0	0	0.206487201084695	1.09071449391447
TCGA.EB.A4XL.01A	0	0.174737558279052	0.0958000036416975	0	0.0497317717068456	0.0687336213296793	0.203646281675889	0.00329399514132833	0	0.404056768225509	0	0	0.401682149239814	0.928825509100779
TCGA.W3.AA1O.06A	0	0.0453674545102615	0.0264368794933936	0.0422348429687982	0.0182171526118015	0.0675364922477921	0.628058232143776	0.0887228889391349	0	0.0834260570850424	0	0	0.3955530135773	0.988014823226419
TCGA.GN.A4U5.01A	0	0.0684463371051286	0.403675772605122	0	0.0508803591468941	0.176638248170354	0.0857848698217289	0.0771758177835619	0	0.0389871593991225	0.0984114359680887	0	0.256814695796711	1.00115295859177
TCGA.EE.A2A5.06A	0	0.0657575972718515	0	0.0946706739226096	0.0356460088807957	0.0880392238900571	0.492448108316485	0.109486217671095	0	0.113952170047106	0	0	0.272273405832513	1.01855015398752
TCGA.FR.A2OS.01A	0	0.0333371898913421	0	0.137244356189518	0.0407340027078437	0.125438935420605	0.569237530966029	0.0940079848246623	0	0	0	0	0.247832871853843	1.06568266171314
TCGA.EB.A6QY.01A	0	0.0649174853871156	0	0.0914071032867875	0.0129208589589905	0.0417831744048247	0.45757133578038	0	0	0.331400042181902	0	0	0.449378158121646	0.915716764802103
TCGA.D9.A4Z5.01A	0	0.0866385941295053	0	0.0306497436842443	0.0517296578477285	0.459880216700926	0.0960966545890317	0.144610204403024	0	0.13039492864554	0	0	0.225159384301199	1.0195933802685
TCGA.W3.A828.06A	0	0.0814433360214451	0	0.0815568341785006	0.0693514208767057	0.26251363265891	0.265174883277907	0.03263713731104	0	0.207322755675491	0	0	0.329708832930082	0.956302135914396
TCGA.LH.A9QB.06A	0	0.143875317899221	0	0.144667359771713	0.043148685329133	0.044151801800584	0.38284897247941	0.163279675386265	0	0.0780281873336735	0	0	-0.00183500076655162	1.1344616828485
TCGA.EB.A5VU.01A	0	0.0338692681563131	0	0.0834170926589979	0.0342844593784275	0.0865444567930094	0.535197913650003	0.0796484147916656	0	0.147038394571583	0	0	0.219826496152859	1.06295217970567
TCGA.GN.A268.06A	0	0	0	0.206585023390876	0.0325544932201743	0.0324818135195066	0.674614478500852	0	0	0.0537641913685907	0	0	0.432852683848157	0.980586119470594
TCGA.ER.A199.06A	0.151059440603755	0.105928225730888	0.137154019645093	0.00992824957280409	0.0387859649989946	0.0953108873997411	0.154884057744958	0.0376993681727821	0	0.260506665824431	0.00874312030655329	0	0.558363647522794	0.833042924557616
TCGA.EE.A3AC.06A	0	0.024489780181077	0.153494133137676	0	0.0331047454594519	0.106110805934459	0.315624287601388	0.0970541644202736	0	0.270122083265675	0	0	0.475107700910047	0.886222824877993
TCGA.RP.A6K9.06A	0	0	0.0650484356042608	0.137295158001553	0.0518505335437113	0.165351257381469	0.0442977681913474	0.000930877944566593	0.0085786770159606	0.455708273210309	0.0709390191068221	0	0.484513924274863	0.881033270940155
TCGA.D3.A8GQ.06A	0	0.0796337230410678	0	0.107654844627611	0.0130678283469865	0.0347562335365531	0.309626791978243	0	0	0.455260578469538	0	0	0.54774989806486	0.841340054710162
TCGA.W3.AA21.06A	0	0	0.050588679003326	0	0.018660929313551	0.0237555609391799	0.366393614763198	0.112843865750108	0	0.427757350230638	0	0	0.332587890870441	0.997609730140149
TCGA.BF.A1PU.01A	0	0	0	0.15770931146519	0.0295653056419681	0.0195099855125596	0.525855184185172	0.207330308108484	0	0.0600299050866257	0	0	0.0952281450738966	1.150802037096
TCGA.ER.A196.01A	0	0.0514420538201075	0	0.0997460053092008	0.0148889121759671	0.142770828293444	0.17279669078692	0.0614396632831511	0	0.451481168743697	0.00543467758751214	0	0.43516384849159	0.910929555227804
TCGA.W3.AA1R.06A	0	0.0889178391036513	0	0.0714698236897604	0.00380498433916941	0.063567081133293	0.523882544147784	0	0	0.248357727586342	0	0	0.384699463301213	0.963565348524231
TCGA.FS.A1ZN.01A	0	0.0643824451691218	0	0.080487413176803	0.00611748743235992	0.0480402256919637	0.261731045173698	0.0152597368585224	0	0.523981646497531	0	0	0.328183127407543	1.00537215219621
TCGA.GN.A4U8.06A	0.0504088600385469	0.121235567175005	0.23722129419322	0	0.0269207248756643	0.0796565388313881	0.166845656970981	0	0	0.317711357915195	0	0	0.507697098850825	0.861369443069314
TCGA.EE.A2GU.06A	0	0	0.247184817935797	0	0.0371476485730501	0.084355786210557	0.191744710396925	0.148542859398613	0	0.262846860288151	0.0281773171969078	0	0.480824930780655	0.878238016980869
TCGA.BF.AAP1.01A	0	0	0	0.0546322605953774	0.0473833393091685	0.0922210364572791	0.45006314342913	0.117916544384254	0	0.237783675824791	0	0	0.181870411509823	1.0629550641483
TCGA.DA.A1I2.06A	0	0.00486736505431587	0	0	0.0271647661212109	0.0785158849232035	0.308364270398996	0.177117198560923	0	0.403970514941351	0	0	0.375808456762203	0.950748683802514
TCGA.FR.A8YE.06A	0.162891335913896	0.333252564393435	0.0819353419867806	0	0.0351843667693271	0.0988423329170126	0.0117289959434867	0.063360131734354	0	0.186870957043249	0.0259339732984593	0	0.531968112868892	0.854830227344269
TCGA.FS.A1ZB.06A	0	0	0	0.012277345115643	0.0526081855662019	0.289423147884587	0.450545119335018	0.126852945077313	0	0.0682932570212376	0	0	0.442467276825324	0.918794566510908
TCGA.BF.A5ES.01A	0	0.05626066577521	0	0.0656842943589346	0.0441370917723082	0.127092640879076	0.384950413104059	0.0052271217525821	0	0.31664777235783	0	0	0.360648521759016	0.957614352193843
TCGA.GN.A4U3.06A	0	0.0184777764947522	0	0.10704935754676	0	0.0339678437755428	0.329197467897639	0	0	0.511307554285306	0	0	0.579114141563349	0.824075050719212
TCGA.EB.A44R.06A	0	0.0261622332192426	0.213841161699028	0.0806985170660651	0.0244644746133531	0.0767065239863176	0.195220013975461	0	0	0.382907075440532	0	0	0.510312753366894	0.863034959312566
TCGA.WE.A8ZQ.06A	0	0.184528600905878	0	0.176600471853206	0.0595729070229608	0.0566900770713254	0.470064584882165	0.0397099625255275	0	0.0128333957389372	0	0	0.0887811010011607	1.12021036477282
TCGA.W3.AA1W.06A	0.0185504432106048	0.01335407809448	0.325527725903757	0	0.0282919750522919	0.184638562758067	0.0779431116984896	0.0959267180237112	0	0.215014329539255	0.0407530557193441	0	0.55018515101848	0.837776812740212
TCGA.GN.A8LK.06A	0	0	0	0.223019922004031	0.0331280615913523	0.0014225043947802	0.690422202555999	0.0412950354460917	0	0.0107122740077456	0	0	0.268261937324068	1.11982362746309
TCGA.ER.A19T.01A	0	0.0327205626101126	0	0.227022621086429	0.0376375598958863	0.0129297483848105	0.601807067633528	0.0784364060138619	0	0.00944603437537251	0	0	0.203063708529485	1.12209408595942
TCGA.EE.A29R.06A	0	0.12786545527097	0.00835832487265466	0.0799090836308129	0.0363568968975681	0.0749348525084293	0.456352650424235	0.00178129173087119	0	0.214441444664458	0	0	0.134743958912578	1.08495410740362
TCGA.EE.A3JD.06A	0.158243384876418	0.217287351176994	0.090989295441347	0	0.0131471484945615	0.0753384486796815	0.131910131879659	0	0.0861716030587936	0.226912636392545	0	0	0.560704164314376	0.834296449226784
TCGA.D3.A2JO.06A	0	0	0.203363094070897	0	0.0192688981744932	0.184496443076206	0.289117284218897	0.0485613894830138	0	0.255192890976494	0	0	0.38152792231125	0.940963677844539
TCGA.ER.A19F.06A	0	0.0674212057073041	0	0.064755968156041	0.0228175030366085	0.0775086040126325	0.488518367940534	0.0384655327380567	0	0.240512818408823	0	0	0.400292783408838	0.945046526728023
TCGA.D3.A2JK.06A	0	0.0591468912204693	0	0.00344572079686836	0.0391892399774079	0.107120569289745	0.307246214534857	0.0364651485907915	0	0.447386215589861	0	0	0.431494547478177	0.922722122611661
TCGA.D3.A3C8.06A	0.0320417442481128	0.0154890573269756	0.583656595190728	0	0.0400316332484817	0.126436526162605	0.039490058274236	0	0	0.130377526379202	0.0324768591696595	0	0.572793027686133	0.81998180257298
TCGA.EE.A2ML.06A	0	0.135267490332674	0.175745948271954	0.0633962506035426	0.0552159141289437	0.0830894066316777	0.0728134233721636	0.0118924272066573	0	0.368850862474025	0.0337282769783628	0	0.386356497325454	0.932209765446029
TCGA.ER.A2NH.06A	0	0	0.366031065622143	0	0.0173191024251188	0.149566323506225	0.0734244591490318	0.0505865603120232	0	0.305361218553208	0.0377112704322497	0	0.538413324986324	0.842313203993877
TCGA.OD.A75X.06A	0	0.0125635680168835	0.0203165532800736	0.0311253211589478	0.020270543633819	0.0897991511770235	0.506941452311937	0.131306850207875	0	0.187676560213441	0	0	0.415307811566732	0.93976048632582
TCGA.EE.A2M5.06A	0	0	0.0941881065550593	0.0609939190942873	0.00754121009279308	0.0981018887166188	0.49722096368827	0.111287089231525	0	0.130666822621447	0	0	0.366130552046967	0.97696593501809
TCGA.BF.A3DM.01A	0	0.0563929809058548	0	0.17115946103259	0.0218294577818784	0.107767357323995	0.592012477027625	0.0411647363589534	0	0.00967352956910415	0	0	0.194883736919051	1.1081079220075
TCGA.EE.A3JA.06A	0	0.101603295850128	0.0445943805746229	0.0753018296386786	0.0324676117982104	0.119750293331863	0.184770320307881	0	0	0.441512268498616	0	0	0.568124603084224	0.822566223516918
TCGA.EE.A3AA.06A	0.161011689494654	0.0989059543310672	0.0457636259300458	0.0137822165563126	0.00921430648505532	0.0814966799761168	0.275114578255815	0.0459416606815392	0	0.268769288289394	0	0	0.592987383597326	0.810980685052255
TCGA.D3.A8GN.06A	0	0	0.146612909342251	0	0.0157965066371514	0.0835951706417542	0.0789374012644364	0.0675221630385674	0	0.565868335285823	0.0416675137900169	0	0.586200388055062	0.81696207802182
TCGA.DA.A1HY.06A	0	0.0748162699870939	0.0150366698181702	0.0151270199768409	0.00932563411924441	0.136717929566415	0.303295883745154	0.00944764731796349	0	0.436232945469119	0	0	0.134819910884268	1.09517637702266
TCGA.FS.A1ZF.06A	0	0.108964803713117	0.00219353353083946	0.113768522983685	0.0502717660134569	0.0386098067046633	0.668921714990729	0	0	0.0172698520635096	0	0	0.38083381901017	1.01359711065472
TCGA.D3.A8GM.06A	0.0136938408976863	0.0440052147092519	0.0524601373512803	0	0.00220826137001819	0.123213733197987	0.394045832497681	0.063225629040885	0	0.307147350935211	0	0	0.485569856137703	0.883676236294498
TCGA.GF.A769.01A	0	0.0778656012977605	0	0.0775256966472109	0.0262457375095508	0.0927711347782138	0.607583500161118	0.0875820698634793	0	0.0304262597426668	0	0	0.210644556572319	1.1001356511513
TCGA.EE.A2A0.06A	0	0.101392913699779	0.0348626884606979	0.0311391565359656	0.00664055166996374	0.149202028254796	0.121602031838924	0	0	0.555160629539874	0	0	0.582668202938869	0.817347593789887
TCGA.EB.A299.01A	0	0.168321750498066	0.0841512093747032	0	0.111212078240668	0.268729025504226	0.219865286653998	0	0	0.0861044419296394	0.0616162077986989	0	0.129967785330951	1.04472045214629
TCGA.D3.A3CC.06A	0	0.00926104501410505	0	0.124022571682369	0.0184898031380013	0.0587975678099973	0.307972937232365	0.0158692656961277	0	0.465586809427035	0	0	0.47638996245842	0.895188622463756
TCGA.EB.A57M.01A	0	0.093575136127848	0.0409951002802326	0	0.0518741698156869	0.105502288359444	0.0949058643880798	0.0693293806323927	0	0.539382856408546	0.0044352039877699	0	0.477105385403048	0.898835529312717
TCGA.EE.A2A6.06A	0.0633732977907054	0.00750235980349136	0.154620500207981	0.0631357139814127	0.0207314420485294	0.0856750626974052	0.242847721711005	0.0569723433440295	0	0.30329086105721	0.00185069735823116	0	0.528078241573264	0.850459797581862
TCGA.EB.A3HV.01A	0	0.12884153665314	0.00310967852135991	0	0.0851436126368348	0.202094126207228	0.248460321966305	0.116949458122302	0	0.21540126589283	0	0	0.166097772039538	1.02622060815865
TCGA.D9.A6EC.06A	0	0.041155482016901	0.0667008185994151	0	0.0391515474552061	0.138349520798253	0.498819598580715	0.0842196160674917	0	0.131603416482018	0	0	0.172827007174601	1.08200927804499
TCGA.D9.A6EA.06A	0	0	0	0.0760506044946949	0.0193697886847778	0.0453183489121996	0.398528238068821	0.218815074720576	0	0.241917945118931	0	0	0.258524181068611	1.01365931141406
TCGA.FS.A1YX.06A	0	0.0641244321802067	0.0315011600227111	0.0146304267246104	0.0545696688504443	0.219929330207529	0.395121165045002	0.110622668516466	0	0.10950114845303	0	0	0.250831838311542	1.00795785186677
TCGA.EE.A2GS.06A	0	0.152075986697768	0	0.0359010239463034	0.0625137873055997	0.0962358304972794	0.448783971194929	0	0	0.204489400358121	0	0	0.424991263350253	0.920787092505707
TCGA.D3.A2JF.06A	0.052622687025548	0.0282960168614243	0.143567858299851	0	0.0356987501871622	0.0942439903749859	0.129752922998739	0.0476002073750073	0	0.438338335360204	0.0298792315170776	0	0.388518701443026	0.942966808168544
TCGA.FS.A1ZK.06A	0	0.155163964503309	0	0.107771490357363	0.0321184681175078	0.0111022747274788	0.55677918974532	0.0679649048433625	0	0.0690997077056587	0	0	0.298516469556063	1.02894847188488
TCGA.DA.A960.01A	0	0.139016611206244	0	0.134644606658235	0.0583169219499111	0	0.519060789238966	0	0	0.148961070946644	0	0	0.210058981303207	1.06903229767311
TCGA.FS.A1ZE.06A	0	0.144765612385413	0	0.213016780892561	0.062520843982346	0.035786574302959	0.480422559189261	0	0	0.0634876292474601	0	0	0.108948303775961	1.11201718394625
TCGA.WE.AAA0.06A	0.101606686408559	0.214490573422257	0.12582915420823	0	0.0302626720601772	0.0686958614591293	0.26455736845347	0	0	0.194557683988177	0	0	0.348692785145452	0.944923422134604
TCGA.FR.A8YD.06A	0	0.0449425764752415	0	0.0156995113312118	0.0322465970646472	0.0675935444198049	0.337892117185694	0.0853569051137988	0	0.416268748409602	0	0	0.413169246151768	0.932787363527615
TCGA.BF.AAP2.01A	0	0.0772538136338708	0.0616113192809716	0.0455020685725051	0.0542273798076297	0.0656904020327368	0.371494130314153	0.102669549869603	0	0.22155133648853	0	0	0.337045775355183	0.964956207698398
TCGA.EE.A29A.06A	0	0.204450129827259	0.0311988935522297	0.0245830927168249	0.0240505835204234	0.0822712898761997	0.532557006258586	0.0473415060202838	0	0.0535474982281933	0	0	0.0577145825774394	1.15528126689
TCGA.ER.A19K.01A	0	0.0554990371450126	0.0546759528537991	0.0609078399589308	0.0542096234804283	0.116052496713091	0.538515923171093	0.0784261064248391	0	0.0417130202528064	0	0	0.38289012475008	0.97196439448372
TCGA.EE.A29L.06A	0	0.0325306480961486	0.00646739351294582	0.0575811157845339	0.00273305522595867	0	0.653272071192891	0.0838187926787	0	0.163596923508822	0	0	0.442983129219686	0.963779230074699
TCGA.D3.A1Q7.06A	0	0.0322519998882073	0.29585812897675	0	0.0412045928529164	0.118625473014502	0.112080596427594	0.0664848227680201	0	0.319028273059486	0.0144661130125238	0	0.455242690936071	0.892952314540548
TCGA.EE.A3AD.06A	0	0.14004148069454	0	0.0642337765535365	0.0834030049486935	0.0553006915244207	0.472905859740587	0.0206671310082958	0	0.163448055529927	0	0	0.103512037071077	1.10389609847634
TCGA.EE.A3JH.06A	0.0173121402556663	0.0385708616077442	0.181306762630591	0	0.046970532846812	0.123654107931643	0.037176790798781	0.0584562711629557	0	0.450018868230598	0.0465336645352086	0	0.601147750193321	0.798425758118192
TCGA.EB.A3XB.01A	0	0.0372203071749157	0	0	0.0190864623145907	0.0752134667631953	0.287053408655177	0.179329348004669	0	0.402097007087453	0	0	0.423922681689784	0.91798770620796
TCGA.D3.A2JE.06A	0	0	0	0.163120861876601	0.00121353289987981	0.0350892753021778	0.499571692029178	0.0300944498427513	0	0.270910188049412	0	0	0.438907491723444	0.928060547439614
TCGA.EE.A29D.06A	0	0.115549699834052	0	0.0736557967615936	0.0356352906906058	0.025750671785178	0.401374750314523	0.116973041061372	0	0.231060749552676	0	0	0.302945167092178	0.986611653470309
TCGA.EB.A5UM.01A	0	0.093419877973632	0.0764166521256014	0	0.0365788671901679	0.0329788260580427	0.1262164634583	0.0424430166248138	0	0.578389718927603	0.0135565776418388	0	0.657779651172444	0.754696344357933
TCGA.D9.A1JW.06A	0	0.083522270701205	0.21259577577532	0	0.035045104805499	0.0929131096019141	0.090313993492132	0.0690888981726717	0	0.40864648033718	0.00787436711407794	0	0.577776720247864	0.815601028119471
TCGA.D3.A1Q5.06A	0	0.0376895846631514	0	0.235327188764863	0.0301143761194655	0	0.210076914997177	0.148777217584631	0	0.315031160017714	0.0229835578529974	0	0.229945377079335	1.01771510049108
TCGA.BF.A5EO.01A	0	0.133533967389795	0.00179506683139901	0	0	0.100755868574611	0.250602467529878	0	0	0.513312629674318	0	0	0.544240170189976	0.845608144416513
TCGA.D3.A3CF.06A	0.118054514237157	0.128419571771085	0.149364502802105	0	0.0023796408070643	0.0788935842263943	0.136133076775588	0.0234595691507412	0	0.354970860011493	0.00832468021837258	0	0.554613928655304	0.831647791370136
TCGA.D3.A5GU.06A	0	0.10669987640849	0.0847894527231942	0.117971181730608	0.0309289690559089	0.0986811088135369	0.296076376887689	0	0	0.264853034380573	0	0	0.371881690871871	0.939067057644558
TCGA.XV.AB01.06A	0	0.0764428175160816	0.0841307697579549	0	0.080228560267059	0.0757968090102343	0.0556487287632689	0.0118369972687144	0	0.613336482268724	0.00257883514796313	0	0.566639220499965	0.846380100056802
TCGA.ER.A19B.06A	0	0.0117759086012528	0.0387723466874567	0.0268658745071607	0.0129373996396264	0.0456391957925413	0.363304062094806	0.178752830266357	0	0.321952382410799	0	0	0.196238946018316	1.05291822422449
TCGA.D3.A5GO.06A	0	0.0931694688476049	0.192645077269668	0	0.020197535654352	0.142050639020816	0.282617029969812	0.143469227939342	0	0.125851021298406	0	0	0.161218050708237	1.04446171105987
TCGA.GN.A8LN.01A	0	0.0667940819399158	0.0445437341921663	0	0.013238105532065	0.139560819649758	0.272762121281054	0	0	0.463101137405041	0	0	0.44287281601647	0.914844708498008
TCGA.YG.AA3O.06A	0	0.0357176005468433	0.0606211497035717	0.0720949464774582	0.0276236248649524	0.0625899500255123	0.34422219251263	0.0597773529708653	0	0.337353182898167	0	0	0.464422758591862	0.894776682379028
TCGA.EE.A2MM.06A	0	0.025908955700085	0	0.0494644006534045	0.0218088690100138	0.0485489269165872	0.50129532033765	0.0696643012484438	0	0.283309226133816	0	0	0.429768506776617	0.933620972120202
TCGA.QB.A6FS.06A	0.0257864121225483	0.0545505519439606	0.165884784690101	0	0.0511422676541833	0.0998135206026666	0.144428264430876	0.0848171524532349	0	0.373577046102429	0	0	0.59176961946832	0.807632809905696
TCGA.YD.A9TA.06A	0	0	0.027017330197914	0	0.0242571474308088	0.186153258463671	0.387135009590644	0.0728620292440219	0	0.30257522507294	0	0	0.504190359544319	0.873629890691091
TCGA.D3.A51F.06A	0.0178267537500725	0.0695983043609471	0.461245764010814	0	0.0256531651939835	0.170030108435019	0	0	0.0389576281356338	0.168376351827814	0.0483119242857159	0	0.475574002973215	0.879828085611395
TCGA.EB.A4OY.01A	0	0.0394412801124612	0.0918689638347761	0	0.0315698779993682	0.0501167178184535	0.139011663310228	0.100507772590008	0	0.547483724334705	0	0	0.397902611246209	0.960087364750975
TCGA.ER.A2NC.06A	0	0.0313568607706889	0	0.0855326165499727	0.0481109332697361	0.239527544796523	0.34138614065324	0	0	0.254085903959839	0	0	0.424811526945924	0.915721308762457
TCGA.FS.A1ZQ.06A	0	0.110641924990622	0	0.0417072471064448	0.041872178856707	0.0722656924813723	0.274217734304912	0	0	0.459295222259942	0	0	0.520275822864607	0.860085220084561
TCGA.ER.A42K.06A	0	0.16112758608663	0.0214460077233066	0.010328545525943	0.0457133014344253	0.0711894307648699	0.385123430235451	0.0545951550572185	0	0.250476543172156	0	0	0.106837581602281	1.08276063592926
TCGA.WE.A8K4.01A	0	0.0474674547700081	0.383797010381954	0.0804359928023205	0.0290476073122888	0.110512044523124	0.231567802220514	0	0	0.11717208798979	0	0	0.341969882818715	0.971803764506641
TCGA.ER.A42L.06A	0	0.140717904026149	0.288745841168323	0	0.0246974958974597	0.184624613776063	0.000359442861973621	0.0613512808875876	0	0.294066090243833	0.00543733113861039	0	0.290400160591601	0.975101929756764
TCGA.EE.A2A1.06A	0.100237589239848	0.108996519353207	0.156089450143911	0	0.0338154775907807	0.140873437129516	0.0676315676293364	0.0541212676912722	0	0.327656804994465	0.0105778862276635	0	0.599009946073707	0.80627297302096
TCGA.EE.A29T.06A	0	0.0558616119918354	0.138889753734889	0	0.0235276811205721	0.165436771569368	0.0809067524566954	0	0	0.53537742912664	0	0	0.612726219963861	0.791378846953564
TCGA.EE.A2GI.06A	0.0241766325863807	0.0347409466060763	0.185475500494276	0	0.0219049937028944	0.0987757861849511	0.252486627325071	0	0	0.38243951310035	0	0	0.528388968398762	0.853049923001459
TCGA.ER.A1A1.06A	0.255564797535784	0.168667083406436	0.0960432479366333	0	0.0339825644101544	0.0329541299500328	0.118359007024814	0	0	0.250482559890466	0.0439466098456795	0	0.620199157019176	0.789490040464464
TCGA.D3.A8GS.06A	0	0.0675614991841306	0.233578728268503	0	0.0107247092371681	0.0669627993831696	0.106867643208249	0.0994563834387529	0	0.414848237280027	0	0	0.544369953975943	0.8387180328769
TCGA.ER.A198.06A	0	0.0713529366062305	0	0	0.0508584581338978	0.153698335758242	0.569326155554759	0	0	0.154764113946871	0	0	0.567052791769434	0.847831739695355
TCGA.DA.A3F5.06A	0	0.0192364564834612	0	0.0978826259015845	0.00829836653401961	0.103252966249693	0.593442798771433	0.0823524123164123	0	0.0955343737433967	0	0	0.321208379468111	1.02272490646845
TCGA.FS.A1ZH.06A	0	0.150030968122664	0.173770169994685	0	0.0325013152529533	0.109899406395855	0.109123756827783	0	0	0.42467438340606	0	0	0.578908503399617	0.814786958169295
TCGA.3N.A9WB.06A	0	0.0880739301569949	0	0.157515681251314	0.0213129054710331	0.0112602116124817	0.629937599437517	0	0	0.09189967207066	0	0	0.369213686121404	1.00785745518763
TCGA.D3.A5GR.06A	0.0603930957200018	0.149930099428995	0	0	0	0.0844724260372919	0.187231284672631	0	0.019882511769641	0.498090582371439	0	0	0.578301231964302	0.817401830732495
TCGA.XV.A9W5.01A	0	0.049282619612667	0.146334485454207	0	0.0384745977008591	0.0805392760756238	0.42588022822711	0.173979706477764	0	0.0855090864517693	0	0	0.0925384373540781	1.11992952075269
TCGA.YD.A89C.06A	0	0.0387300468849217	0	0.0834714970084022	0.0150402799363158	0.0557100283800551	0.603010523104321	0.0910865338966631	0	0.112951090789321	0	0	0.258060062459869	1.0688511767464
TCGA.D3.A8GV.06A	0	0	0.0697693573223513	0	0.0149354178519517	0.0421242625818586	0.578675736402171	0.195182981553381	0	0.0993122442882873	0	0	0.330667981143098	1.02643043297341
TCGA.D3.A2JP.06A	0	0.139449398798306	0.159121823105021	0	0.0425349283178035	0.090616308043632	0.167256458011896	0	0.0437554316010179	0.357265652122324	0	0	0.297966712583661	0.9811757569701
TCGA.EE.A2MD.06A	0.00809397007722456	0.0938444818439413	0	0.0669326324323851	0	0.0614746527876246	0.305221006965564	0.0482140433377627	0	0.416219212555498	0	0	0.590151299639931	0.807692835481827
TCGA.D3.A2J8.06A	0.00864526642319988	0	0.178440614219382	0	0.0253602416595489	0.154222984340835	0.257293642573356	0.130775567696614	0	0.245261683087064	0	0	0.469775989116616	0.886199662386649
TCGA.EB.A550.01A	0	0.102918126038414	0	0.145114249136782	0.0411322674029942	0.111036006653575	0.224927829321472	0	0	0.337804139905538	0.0370673815412259	0	0.195472907203496	1.02682400970748
TCGA.D9.A4Z6.06A	0	0.00588647466714297	0	0.119905739326404	0.0854292324174728	0.0316480423988576	0.575981982106612	0.0644723736493654	0	0.116676155434145	0	0	0.21070186355956	1.09062250305387
TCGA.HR.A2OG.06A	0	0	0.0458942797735302	0.00223196042182263	0.0152433677452398	0.154673280258703	0.0882292404164834	0.0424639031990174	0	0.600907972552825	0.0503559956323782	0	0.359796356323498	1.00255946745862
TCGA.GF.A2C7.01A	0	0.0263962057272488	0	0.17399160783036	0.0651363094086812	0.016430133024736	0.584732392490077	0.0955904999807408	0	0.0377228515381557	0	0	0.219301116308676	1.09655874754941
TCGA.D3.A2JD.06A	0.129095598463289	0.137107135872523	0.114224056066753	0	0.0190500580071425	0.0353447874514378	0.127311149800687	0.0218575251788272	0	0.41600968915934	0	0	0.667433299878186	0.747617796535633
TCGA.D9.A4Z2.01A	0	0.0864665154947165	0	0.136846559132801	0.0202497694299859	0.0933739697085084	0.459550368758685	0	0	0.203512817475303	0	0	0.244574535178189	1.02656789477377
TCGA.DA.A95X.06A	0	0.017894446050163	0	0.127699692364111	0.0324527231831489	0.157563641174766	0.408330930564719	0.0264213249290742	0	0.229637241734018	0	0	0.254578041226831	1.01118570682565
TCGA.FS.A4F4.06A	0	0.128323167646443	0.112796973337841	0	0.0499593793919789	0.189809037685726	0.280786765203132	0.0628206360057702	0	0.175504040729108	0	0	0.324871422581791	0.958024853358225
TCGA.WE.A8ZM.06A	0	0.0321319770806889	0	0.40005518166602	0.101732374602738	0.0314433166630867	0.260304392220231	0	0	0.0862123231182741	0.0881204346489615	0	0.0881286263174732	1.07955870153435
TCGA.D3.A3BZ.06A	0	0.0269518617065871	0.146778135483551	0.0232499682577462	0.0437689551212789	0.143221477901182	0.209012042424078	0.0238478797988566	0	0.339384061521233	0.0437856177854869	0	0.521953712601441	0.854615069769089
TCGA.EE.A3JB.06A	0	0.0898638153655851	0.0502158216935031	0	0.0272710956817135	0.200462956031474	0.479946460120442	0.0450679520397548	0	0.107171899067528	0	0	0.402871838300697	0.942270999370128
TCGA.GN.A262.06A	0	0	0	0.29160409091919	0.0380203425330324	0	0.663122557917634	0.00725300863014404	0	0	0	0	0.162467177258995	1.18429716379499
TCGA.FR.A69P.06A	0	0	0	0.103593239660421	0.0378036580504613	0.0873861357586604	0.542772227340114	0.118905018089656	0	0.109539721100687	0	0	0.31390274411133	1.0112450254066
TCGA.WE.A8ZR.06A	0	0.0677221883538869	0	0.164899729094428	0.0180037707732993	0.0386430131001487	0.320645069243284	0	0	0.390086229434953	0	0	0.547193401899915	0.838672114480737
TCGA.EB.A5SF.01A	0	0.185083603943523	0	0.0770186341640637	0.150788343357513	0.139210085410288	0.264837367999532	0	0.0240705167100616	0.158991448415019	0	0	0.06681331899425	1.07445983414718
TCGA.D3.A1Q9.06A	0	0.0338043180002871	0.17346600603355	0	0.0121331969974792	0.0746531590793992	0.196807876496653	0.160714548680666	0	0.348420894711967	0	0	0.471710108012415	0.884098043775072
TCGA.FW.A3I3.06A	0	0.129895189973255	0.0254453369782666	0.064891421980898	0.0162976306917847	0.0401166111950523	0.375744677512903	0.0348162272709875	0	0.312792904396853	0	0	0.296450833948841	0.994261499728572
TCGA.D3.A2JB.06A	0.162753902226062	0.13483794743787	0.153318073383147	0	0.0178362835572218	0.0337864099879698	0.127863065322399	0.0370358146170857	0	0.332568503468245	0	0	0.601482188861666	0.800425260845767
TCGA.EE.A2M6.06A	0	0.0261913659976977	0.0483557270681171	0	0.026092419620754	0.133621031795656	0.495076135927323	0.0737099456960604	0	0.196953373894391	0	0	0.430919128112943	0.929645246058521
TCGA.BF.AAP7.01A	0	0.016741812055349	0.217448998763111	0	0.0522400271738448	0.156461540919677	0.0905436376824828	0.0690729373021121	0	0.362968642263654	0.0345224038397693	0	0.581022401822487	0.815298128092177
TCGA.D3.A3MR.06A	0.0318621057128527	0.00580965304535266	0.250867038794491	0	0.000431998224434059	0.0755527124441789	0.0947958414890229	0	0	0.497533793423131	0.0431468568665363	0	0.586641138235498	0.811958585961092
TCGA.EE.A2GT.06A	0.141171256267867	0.286888442197706	0.0586896963173146	0	0.0593839967749384	0.0605248541273329	0.110849688250375	0	0	0.282492066064467	0	0	0.544718563783377	0.839922198923166
TCGA.EE.A2GP.06A	0	0.119846426446567	0	0.0879917713122447	0.0416833819832681	0.20832413563119	0.391589908488307	0	0	0.150564376138423	0	0	0.355637039131166	0.950773180539676
TCGA.D9.A1X3.06A	0	0.00500431661708441	0	0.163459011149813	0.0111933397390148	0.029542825063435	0.3384637215943	0.0536621474245155	0	0.398674638411838	0	0	0.272354090634122	1.0204203669009
TCGA.WE.A8K1.06A	0.00129807392072256	0.0466172946407713	0.210079484491473	0	0.0317571787437201	0.0868946170438875	0.275586454469413	0.0561457114227056	0	0.250177117987013	0.0414440672802942	0	0.460577320891183	0.893024217277683
TCGA.ER.A193.06A	0	0.066576695097044	0.189957124203824	0	0.0503842114562863	0.192302469798129	0.242522950506098	0.0638241402641803	0	0.194432408674438	0	0	0.351011284800595	0.947518022445771
TCGA.D3.A2JH.06A	0	0.0225430755568728	0.476243782903093	0	0.04241730031892	0.102586598399933	0.171789480900616	0.0400452365396439	0	0.144374525380921	0	0	0.50473242800526	0.869763991330171
TCGA.EE.A2GN.06A	0	0.0540094526856367	0	0.115663350209942	0.0432665160165853	0.062014119733693	0.262784037757332	0.00646559183231075	0	0.4557969317645	0	0	0.411391038466488	0.934130863836458
TCGA.EE.A2GO.06A	0	0.169702212025306	0.050117647446664	0.0241414560119885	0.0454968233908893	0.0780609438083476	0.472905943647807	0.0864206126399209	0	0.0731543610290767	0	0	0.0686895815147683	1.12688275910617
TCGA.D3.A51E.06A	0	0.0200810053210017	0.160179265265781	0	0.0114897926473071	0.161728285287906	0.251814395177758	0.0603906435830743	0	0.334316612717172	0	0	0.326525659501441	0.969852558337267
TCGA.EB.A44P.01A	0	0.088942635468934	0.145572238351802	0	0.0465167650573364	0.0547100549567706	0.269007837638559	0.0606622520208274	0	0.33458821650577	0	0	0.294501605121912	0.990471955511148
TCGA.GN.A263.01A	0	0.0569601029362389	0.0351250179128589	0	0.0372184427524431	0.132297903221687	0.415424353407463	0.152697621368583	0	0.170276558400725	0	0	0.27505420091885	0.999723388874741
TCGA.HR.A5NC.01A	0	0.0964121171675135	0	0.13298011145706	0.094554441736325	0.241959588100629	0.336738622122786	0.0973551194156853	0	0	0	0	0.123627422104717	1.06246883720939
TCGA.FR.A7U9.06A	0	0.00375877949455167	0.0696721789159038	0	0.0187840393747595	0.153645293990462	0.388898166048523	0.136939794345458	0	0.228301747830342	0	0	0.436299475642861	0.912042213198358
TCGA.XV.A9VZ.01A	0	0.314559640605485	0	0.262804053373429	0.0902733070663882	0	0.332362998954698	0	0	0	0	0	0.223016672168793	1.02560052677494
TCGA.EE.A2MN.06A	0	0	0.0427568996235256	0.168043603124358	0.0433029995861642	0.147104110542161	0.137188763906153	0	0.0118569433308638	0.379366151831253	0.0703805280555203	0	0.541378439403272	0.840287470958658
TCGA.BF.A1PX.01A	0	0	0.152213456974886	0	0.0499846066186759	0.124612527584503	0.188944749539587	0.137474273167872	0	0.344629238390782	0.00214114772369496	0	0.548000501895188	0.837664584785427
TCGA.WE.AA9Y.06A	0.00136747014954662	0.122431964979788	0.0564783879142373	0	0.0202835727791989	0.0742459510271887	0.110112660553409	0.0163592096757638	0	0.598720782920868	0	0	0.609774509639826	0.800441845287882
TCGA.D3.A3CE.06A	0	0.101088796027563	0.134040481458807	0.0245231509292969	0.0336121063226736	0.0799768070233488	0.151677613633299	0	0	0.475081044605012	0	0	0.571331138722055	0.821291800592153
TCGA.D9.A6EG.06A	0	0.157086487591038	0	0.113511581707321	0.0368074878763553	0.0433560080179443	0.647992993823544	0	0	0.00124544098379752	0	0	0.136881691297242	1.17038474431992
TCGA.WE.AAA4.06A	0	0.0126315218399946	0.229241891596713	0	0.0268220293706923	0.310888208448834	0.0992033574393524	0.114830030417048	0	0.206382960887366	0	0	0.587052034654214	0.818365105549866
TCGA.EB.A85I.01A	0	0.00499235158126888	0.289363969065866	0	0.0224812398547615	0.104562026501933	0.263648491121327	0.0445772746333172	0	0.238691806361644	0.0316828408798829	0	0.392010755751688	0.937697771644456
TCGA.BF.AAOX.01A	0	0.0430228922341619	0	0.11571529188405	0.0245147975957884	0.0252071235692691	0.5536014660044	0.0277354342115426	0	0.210202994500788	0	0	0.300257839048854	1.02838465671294
TCGA.ER.A2NF.06A	0	0.0514357796480327	0.064248951992137	0.0610289655716416	0.0185527655620233	0.0514054977301626	0.0787906453810245	0.00244756004045805	0	0.648692022614851	0.0233978114596696	0	0.636377325271677	0.784906000330733
TCGA.FS.A1ZU.06A	0	0	0	0.120879828070113	0.0576771406642175	0.115456969815302	0.587812057542712	0.100322058340113	0	0.0178519455675419	0	0	0.255798200872513	1.06674742379705
TCGA.EE.A20H.06A	0	0.0627571224109859	0	0.141344245875763	0.027735993830958	0.0141412156607007	0.726425636753331	0.000466184657369623	0	0.0271296008108924	0	0	0.398426436410607	1.02839616541408
TCGA.FR.A3YO.06A	0	0.0559756028727103	0.0554890949106082	0	0.0189316928806223	0.2180451571118	0.39263743119216	0.0696664072614864	0	0.189254613770612	0	0	0.347435649100374	0.960514328111987
TCGA.FR.A729.06A	0.0469188493369208	0.0577357176274248	0.158834434306291	0	0.0206806302281995	0.120262728858719	0.163101962392457	0	0	0.369550408004483	0.0629152692455053	0	0.613998770390487	0.793466547137962
TCGA.ER.A19P.06A	0.117613362533698	0.0985965937913709	0.230564900344396	0	0.0178310204647716	0.125544718947586	0.0301462439858311	0	0	0.299730950441734	0.079972209490613	0	0.58691341628005	0.814737635133906
TCGA.EB.A24C.01A	0	0.148038100647847	0	0.0777952989126025	0.0516567704731638	0.0765479730751904	0.278637327668792	0	0	0.367324529222404	0	0	0.21197585591244	1.03161115351104
TCGA.D3.A8GE.06A	0	0.122146760460969	0.0127299558602881	0.175485115142758	0.0658005445038677	0.173731257856157	0	0	0.147372202774851	0.239891758878145	0.0628424045229642	0	0.350925658271167	0.941440913021113
TCGA.FS.A4F5.06A	0	0.0212113147380635	0.01673354953681	0.0268530345046502	0.0395568356421503	0.173786399914671	0.428672998089456	0.192541722070097	0	0.100644145504102	0	0	0.113904341407997	1.08303520383202
TCGA.EE.A2GM.06B	0	0.0699730997700942	0.161396557245977	0	0.0773733726401865	0.0661045217669508	0.365913536760636	0.136597764055721	0	0.122641147760433	0	0	0.210579136417097	1.03960292533725
TCGA.FW.A5DX.01A	0	0.0862080942462067	0.0385414257828414	0.00968809793967325	0.0322618812965634	0.0111281322016446	0.515330478668392	0.108274597544919	0	0.19856729231976	0	0	0.299523116313732	1.01991707283911
TCGA.WE.A8ZO.06A	0	0.0768189435241848	0.228837464982554	0	0.0104528117041117	0.182342135783819	0.193384215742754	0.051451745533985	0	0.256712682728592	0	0	0.337788681191384	0.953700623769053
TCGA.FS.A4FC.06A	0	0.085676146424272	0.0588193359254689	0.0362940656769915	0.0440013323061413	0.135622133954755	0.269761556238614	0.058408743900202	0	0.311416685573556	0	0	0.233709304000675	1.01004236987587
TCGA.EE.A20F.06A	0	0.0621447368849747	0.168350072953068	0	0.0204080162896797	0.127233239645602	0.2818822607294	0.0306680461492338	0	0.309313627348041	0	0	0.471921116191745	0.886838940138658
TCGA.FS.A1ZJ.06A	0	0.0181918395552873	0.0445530901794486	0.0700191375324293	0.0305047872657246	0.0406150767809722	0.526116056774599	0.0814249349901733	0	0.188575076921366	0	0	0.440367101273979	0.931492893419411
TCGA.EE.A182.06A	0	0.0330986385704321	0.031946610189599	0	0.0328935307234111	0.107124391249266	0.203019229817075	0.0831343555007557	0	0.508783243949461	0	0	0.525841953440872	0.858892688376003
TCGA.ER.A19T.06A	0	0	0	0.162008929741232	0.0514605097732029	0.175263311026508	0.463504603266418	0.0868863461478552	0	0.0608763000447846	0	0	0.212985567426283	1.04535718912985
TCGA.EB.A5FP.01A	0	0.0726058286493256	0	0.104092046662915	0.026804481691201	0.0263233580893122	0.720888989762293	0.0181216446370199	0	0.0311636505079328	0	0	0.402316222586192	1.02025585173115
TCGA.D3.A51J.06A	0.0145935898393097	0.0168871006796179	0.289890783705034	0	0.0226141313123795	0.111793046999297	0.127979759855671	0.0451447294473091	0	0.303541457683526	0.0675554004778565	0	0.501773791388476	0.865049501424603
TCGA.EB.A44N.01A	0	0.132182580093663	0.0227741423897485	0	0.0297434842916406	0.036929042076743	0.22667129335466	0.0444359432522577	0	0.507263514541287	0	0	0.569721851164807	0.825496277704511
TCGA.FW.A3TV.06A	0.0427211105904208	0.161040921077208	0.108596973574627	0	0.0191944236291228	0.0895650723985243	0.118596222268775	0	0	0.460285276461322	0	0	0.52857127864346	0.850795731092757
TCGA.XV.AAZV.01A	0	0.0144664592310957	0.224744413599368	0	0.058059712202583	0.230526560266255	0.110885172499346	0.177989493329956	0	0.0691027244891955	0.114225464382202	0	0.195136730404695	1.01414115613234
TCGA.ER.A3EV.06A	0	0.00656843215087378	0.0751500558002305	0.0727448792054791	0.0210770888299481	0.0622240843989116	0.333517676609748	0.0102971854002425	0	0.418420597604566	0	0	0.484239305445763	0.889273388906519
TCGA.D3.A5GT.01A	0	0.00954444097945784	0	0.239769810880286	0.0641206468801746	0	0.438562259221577	0	0	0.248002842038505	0	0	0.141169968485946	1.09673126414624
TCGA.EB.A5SH.06A	0.0150922138903484	0.094992048623053	0.00325805105336409	0.0762051429010676	0.0530970141520337	0.0158744455647468	0.231415372723627	0.0546348991228033	0	0.455430811968956	0	0	0.437347972028807	0.916739639227343
TCGA.EB.A42Y.01A	0	0	0	0.207254819118521	0.0351500166861573	0.0725672956103203	0.571149630250556	0.0525645082081747	0	0.0613137301262713	0	0	0.320329807523134	1.02118709404964
TCGA.ER.A19Q.06A	0	0.0580698226828518	0.0842042734670734	0	0.0646838101941977	0.313183576958696	0.305529382926776	0.10009811691766	0	0.0742310168527451	0	0	0.455302478848297	0.899425409911542
TCGA.EB.A85J.01A	0	0.0124288227670412	0.218115003685339	0	0.037519521310238	0.120046428329233	0.19281260562286	0.0874599839079579	0	0.331617634377331	0	0	0.504219897745505	0.865196802654018
TCGA.EE.A2MJ.06A	0.144689392930562	0.0600296089123703	0.191881731350908	0	0.037332411263143	0.101070091461606	0.209607593497975	0.0977622655368526	0	0.152710035894782	0.00491686915180062	0	0.536740192688484	0.848416576313991
TCGA.GN.A264.06A	0	0.0697733495375725	0	0.148466526271279	0.0569008503139053	0.132240405023227	0.375932260041411	0	0	0.216686608812606	0	0	0.210998812615017	1.02484365173681
TCGA.FS.A1ZD.06A	0	0.0764978401058438	0.0558721736051831	0	0.03363123552297	0.0653206570362763	0.44994318149973	0.202827362646826	0	0.115907549583171	0	0	0.242360279202114	1.03124840541245
TCGA.EB.A1NK.01A	0	0.131646446319698	0.026623328772369	0.049426241245081	0.0414587674439028	0.127768823761994	0.3718295543382	0.0697739990194397	0	0.181472839099316	0	0	0.184223748580856	1.03361847347774
TCGA.D3.A8GI.06A	0	0.0803795240637256	0	0.0731255047430733	0.0334912713900293	0.127207096458764	0.425895832629635	0	0	0.259900770714772	0	0	0.311139715284631	0.985470438352939
TCGA.EE.A2M7.06A	0.132695691464031	0.201077636961338	0	0.0642751024152915	0.0400479900310335	0.0386453188994815	0.0233033519314026	0	0	0.459825274051848	0.0401296342455747	0	0.526703483042203	0.860085937623883
TCGA.BF.AAP4.01A	0	0.0195862702477379	0.286908498511887	0	0.0374893183260386	0.087922352863404	0.255383091607792	0.117224954672017	0	0.195485513771124	0	0	0.480607037025119	0.881980996278603
TCGA.FS.A1Z7.06A	0	0.0977136305709697	0.0182040979306052	0.0422759493510591	0.033604165367638	0.246450992059638	0.277952202988212	0.0637031547087703	0	0.220095807023107	0	0	0.282601550731416	0.977595014249157
TCGA.D9.A149.06A	0	0.0653178683155192	0.177705448040846	0	0.0417271617896997	0.110531451060417	0.166276311804454	0.113199579515007	0	0.325242179474057	0	0	0.44558742498998	0.897103289323848
TCGA.BF.AAP0.06A	0.119059034964929	0.0817382017549201	0.253903547405378	0	0.0173695272172481	0.0778557677544194	0.0983328235229941	0.00331101612917844	0	0.340738405174415	0.00769167607651802	0	0.601171413845326	0.800801343430619
TCGA.FR.A3YN.06A	0	0.117187171149639	0.0704673915733725	0.0827319297250926	0.0154276921594972	0.0489358986441126	0.0697646541530961	0	0	0.575568739863953	0.0199165227312373	0	0.600426442515383	0.806680065596303
TCGA.FS.A1ZW.06A	0	0.0717897635395599	0.146133881393221	0	0.00934495193885531	0.0520838306938804	0.136436642150301	0	0	0.584210930284183	0	0	0.564137353695436	0.839812435979575
TCGA.GF.A3OT.06A	0	0.0419334589557336	0.0873972364519686	0.0578722017623616	0.0216004094322839	0.208563840748675	0.392526258003006	0.0606266541868608	0	0.12947994045911	0	0	0.137678333747237	1.06972465318149
TCGA.EE.A2MT.06A	0	0.0556406459755385	0.069700104503311	0.0188264485589255	0.00617306222406302	0.0291299137405724	0.329508804295548	0.0772098816308036	0	0.413811139071238	0	0	0.495978439129989	0.878872556240957
TCGA.FS.A4F2.06A	0	0.12442821771245	0.0143072602880833	0.00111103368496464	0.0166724567589891	0.231025602845922	0.496768652220672	0	0	0.115686776488919	0	0	0.31197818372412	0.996232137400433
TCGA.DA.A1I7.06A	0	0.124092017386534	0.0773808826162902	0	0.0464942653359974	0.120179772171558	0.230788877285588	0	0	0.401064185204033	0	0	0.422534250555031	0.916971743323072
TCGA.EB.A4P0.01A	0	0.043691015301195	0.155407883578783	0	0.0591310196911397	0.118768882955818	0.307859809830789	0.0759160287357025	0	0.223797379926763	0.0154279799798095	0	0.191677328387554	1.03635188339668
TCGA.FS.A4F0.06A	0	0.170475320774568	0.00362666153437167	0.0525158198131087	0.0490993132832293	0.0164506184744526	0.545353311289366	0.0767326979850352	0	0.0857462568458687	0	0	0.155507991726998	1.10792892032763
TCGA.EE.A29P.06A	0	0.0990067505805067	0.344706756777435	0	0.00907760516365518	0.165908771971999	0.122731792615782	0	0	0.258568322890621	0	0	0.447493648088494	0.896006748407102
TCGA.FS.A1ZR.06A	0	0.0737264081274649	0.0431412329686922	0.0600356717412602	0.054132126734583	0.0979044286728791	0.397243322998058	0.0874560549194986	0	0.186360753837564	0	0	0.242408741701458	1.01544180846811
TCGA.EE.A2ME.06A	0.124576095694474	0.223588519309137	0.141500601537941	0.0633637069563297	0.0213035751968645	0.11730690366729	0.0144087458605449	0	0.0403121982162911	0.222912253038225	0.0307274005229037	0	0.541536788629488	0.847941134492925
TCGA.EE.A29M.06A	0.0118765392283486	0.0598722665343965	0.169594580934871	0	0.0377137993350124	0.0374812075942476	0.298578724070695	0.134177627312937	0	0.250705254989492	0	0	0.488222271631139	0.876303166092301
TCGA.D3.A2JL.06A	0.00634850660893708	0.0368661763971283	0.143835553437386	0	0.0336888329024906	0.0857690122079158	0.235841633137381	0.103176352686315	0	0.354473932622446	0	0	0.478600462947224	0.881497555425763
TCGA.EE.A17X.06A	0	0.0322503416668974	0	0.145689055009358	0.0287561577974808	0.0558888247112143	0.559841697469575	0.0421412879797708	0	0.135432635365704	0	0	0.393213303169452	0.965894506530054
TCGA.EE.A17Z.06A	0	0.098186592696605	0	0.0566066304679796	0.0167472799302588	0.0219333210547846	0.496198276341424	0.106877542630453	0	0.203450356878495	0	0	0.328455319967113	0.991919328974926
TCGA.EE.A3J7.06A	0	0	0.000536443627835413	0.16870756810002	0.0516472993343095	0.0413066517853703	0.617894897274884	0.0992215957647357	0	0.0206855441128442	0	0	0.210630053623105	1.11620992373091
TCGA.EE.A29W.06A	0	0.00462982430859135	0	0.177638384003821	0.0450171415621828	0.100393334918649	0.581467698871878	0.0908536163348771	0	0	0	0	0.208315832939605	1.09885354738271
TCGA.DA.A3F8.06A	0.0341105918204874	0.00752932911975175	0.484197007362445	0	0.0159312678856812	0.142936080344172	0	0.0581088240213308	0	0.227215572984816	0.0299713264613151	0	0.488162263547117	0.873505977930758
TCGA.D3.A8GK.06A	0	0.0515922383038364	0.0271759178653542	0.050824066494699	0.0215895150646632	0.00257927218136935	0.549745189146568	0.149211694662112	0	0.147282106281399	0	0	0.160181550921414	1.11879744102482
TCGA.EB.A553.01A	0	0	0	0.0682113591324327	0.0336673647240207	0.0595471775311478	0.330121250141964	0.132344210914278	0	0.371453832584291	0.00465480497186637	0	0.515954771601925	0.860665426492887
TCGA.FS.A1Z0.06A	0	0.0446738459049901	0.148735809266166	0	0.0262069407623499	0.138452117872749	0.310498893316245	0.0943234052505858	0	0.237108987626914	0	0	0.470501778289844	0.887407618923294
TCGA.EB.A44O.01A	0	0	0.0220036514806185	0.0647567070988712	0.0278533200109583	0.020304838283663	0.63417259496232	0.142050497685251	0	0.0888583904783174	0	0	0.428948778806159	0.970322878630352
TCGA.ER.A3PL.06A	0	0.0807987874755743	0.0418053125812557	0.0269328876692424	0.0596860749330037	0.146422210034914	0.297391501108317	0.0492647789943248	0	0.297698447203368	0	0	0.134641658669979	1.05996551608196
TCGA.FR.A728.01A	0	0.111317781884762	0.304843041317053	0	0.0681412270086261	0.226236164583191	0.189118750423877	0	0	0.0787444888623039	0.0215985459201869	0	0.43177454803994	0.906970987320462
TCGA.DA.A1IA.06A	0	0.0272375957007507	0	0.117267657028499	0.061569380949532	0.0528931311383272	0.511219985207859	0.133377953826558	0	0.0964342961484733	0	0	0.1805032597279	1.08178948289855
TCGA.ER.A19L.06A	0	0.085030683561661	0	0.142566009296549	0.0864959124268499	0.120678672379326	0.0620956434952069	0.0181681310496191	0	0.458372396145589	0.0265925516451992	0	0.198250866457388	1.06037080007365
TCGA.D3.A5GL.06A	0	0.0102231878328227	0	0.108014853270915	0.0325062880092493	0.0369983523079644	0.684926625934242	0.105885899397914	0	0.0214447932468923	0	0	0.340574068320678	1.05501865228463
TCGA.EE.A2GR.06A	0	0.0636476053773252	0	0.127259761937178	0.0224144519824255	0.00471197821537542	0.569728240787687	0.0450595593753315	0	0.167178402324678	0	0	0.213744695868463	1.08922266226518
TCGA.BF.A5EQ.01A	0	0.0663907683369319	0.0888791261915204	0	0.0224506160897591	0.0736556017801106	0.185938248182301	0	0	0.562685639419377	0	0	0.64714794302329	0.764115962607969
TCGA.EE.A2MU.06A	0	0.01566467089499	0.209365569035539	0	0.0377465374314491	0.171874441599454	0.204749987978513	0.0750000120120294	0	0.285598781048026	0	0	0.535527410908598	0.847423069667081
TCGA.EB.A82B.01A	0	0	0.0553117704669095	0.0314881209019822	0.00734042558358264	0.0883224817410483	0.215054861471443	0.0554657116528959	0	0.547016628182138	0	0	0.629764507476251	0.77904481803772
TCGA.D3.A1Q4.06A	0	0.0983350510332842	0.00535154283503094	0.0303568100627716	0.0416672719378062	0.0988385976903552	0.234361485273194	0.0538219529444091	0	0.437267288223148	0	0	0.501741037564004	0.868827028201178
TCGA.EE.A29G.06A	0	0.183963188570378	0	0.0192308730760534	0.0755743022530023	0.142922510519309	0.174745302444305	0.00945296031317799	0	0.385590031184447	0.0085208316393281	0	0.498374105391793	0.867321472352957
TCGA.EB.A5KH.06A	0	0.0847859784953849	0	0.0947513344469341	0.0271950743783897	0.0121775898490723	0.34806435806755	0.0132815782357308	0	0.419744086526938	0	0	0.358104386186583	0.972368144098765
TCGA.WE.AAA3.06A	0	0	0.171146424753655	0	0.056237241143653	0.195776631503554	0.196494194631058	0.100555450112902	0	0.27727177778025	0.00251828007492795	0	0.333354309094699	0.958016337097726
TCGA.DA.A1I1.06A	0	0.03150487181172	0.123612502309079	0	0.0258749528518668	0.162602114435508	0.0818817321105493	0.090901686295785	0	0.423187762910971	0.0604343772745212	0	0.601343425708018	0.799561688702753
TCGA.EB.A3XC.01A	0	0.0454091144270457	0	0	0.0248620000119547	0.08204045976498	0.534196716212549	0.111078172952779	0	0.202413536630692	0	0	0.489498467136259	0.894043911941398
TCGA.3N.A9WC.06A	0	0.102980601242508	0.348920411616033	0	0.019879192779006	0.10122643421304	0.0315192054448451	0.0219270189603636	0	0.307252094976555	0.0662950407676488	0	0.497235012885995	0.867136832150621
TCGA.D3.A8GL.06A	0	0.0959533437339904	0	0.0840700743915517	0.0446408026950242	0.00816821496055598	0.610995470610496	0.10628471879267	0	0.0498873748157108	0	0	0.266647943315199	1.07210278366678
TCGA.WE.A8ZX.06A	0	0.00193096880958204	0.183129145806597	0	0.0206793253747421	0.0712159509855767	0.304721467424037	0.131498009919478	0	0.286825131679988	0	0	0.412738303993054	0.925813188067698
TCGA.D3.A51H.06A	0.448407631456319	0.123489818831014	0.0885187691005805	0	0.0186281180389983	0.0434098666672601	0.0879389111966603	0.00616087518010842	0	0.156016199492998	0.0274298100360611	0	0.684508105263651	0.732605491546661
TCGA.FS.A1ZC.06A	0	0.115263196277099	0	0.141133840395869	0.0332932419619784	0.0410883995826121	0.637874274999164	0.0212640551803686	0	0.0100829916029083	0	0	0.257253136193863	1.08975071695165
TCGA.EE.A2MK.06A	0	0	0.152488555772087	0.0126059921720228	0.0147282545915578	0.204870851167615	0.00869518254539311	0.0147989721158172	0.0314542248016159	0.485461163135538	0.0748968036983527	0	0.538369537475328	0.846120523574865
TCGA.DA.A1I8.06A	0	0.0796098180179815	0	0.0667192480487096	0	0.51717014997686	0.299804249569706	0	0	0.0366965343867434	0	0	0.0769628615856405	1.12841725873751
TCGA.D3.A1QA.07A	0	0	0	0.224033384915459	0.00359863661172264	0.0474913751137571	0.478408638329659	0	0	0.246467965029402	0	0	0.437574741517682	0.923348429297114
TCGA.EE.A2GH.06A	0	0.00160427236655257	0.293133248869709	0	0.0160032311014236	0.11721112735256	0.0361658841702239	0.114930153709913	0	0.398855719272177	0.0220963631574412	0	0.525289645622223	0.851238081311153
TCGA.EB.A44Q.06A	0.0261314782827693	0	0.111581567770064	0.110197870556348	0.0442954414280483	0.123529056682572	0.327852768467285	0	0	0.239346218805672	0.0170655980072413	0	0.513704393138939	0.863444461348733
TCGA.DA.A95Y.06A	0	0.0979184413621519	0.0219551638781404	0.040225454383501	0.0246156222584399	0.0212332497940863	0.435548647973454	0.0159166888240438	0	0.342586731526183	0	0	0.443827300563043	0.918471838140607
TCGA.DA.A95V.06A	0	0.0687887113407294	0.216817771194206	0	0.026801332100026	0.0434592932680256	0.0216628916625982	0.0693907076996546	0	0.524160412048698	0.0289188806860622	0	0.486218794084168	0.892105442123526
TCGA.D3.A3MU.06A	0	0.124133160600878	0.0188205177719037	0	0.020288994291138	0.101850486341346	0.110213438998976	0	0	0.624693401995759	0	0	0.6231931156196	0.792201751635779
TCGA.ER.A19C.06A	0	0.103296678510036	0.00932119834023295	0.0535377127488297	0.0461765925556616	0.138260709914428	0.418692517216228	0.0778960496051654	0	0.152818541109418	0	0	0.213692176171442	1.02780560496373
TCGA.BF.A3DL.01A	0	0	0	0.113053128378541	0.0779238180832052	0.0943547835259183	0.478866924677613	0.109373616529412	0	0.126427728805311	0	0	0.129441979878953	1.09461510384577
TCGA.EE.A29H.06A	0.0163620071898885	0.120262376254463	0.0162895339356454	0.0516792919841179	0.0113532647830256	0.0503987392083969	0.303882666860261	0	0	0.429772119784201	0	0	0.588360219894946	0.809472027778356
TCGA.EB.A6QZ.01A	0	0.0590050921440972	0	0.0944787487657031	0.0544532421591559	0.0665641594877904	0.640988813273946	0.0280713316652611	0	0.0564386125040465	0	0	0.265976655443149	1.07785416975441
TCGA.XV.A9W2.01A	0	0.0385543467842104	0.0199840104536291	0.0556451562257644	0.0279104611263662	0.0452137924890971	0.46728231493125	0.12861818868562	0	0.216791729304063	0	0	0.17889955397637	1.07324717236698
TCGA.FR.A8YC.06A	0	0.0198781907168521	0.071703075378229	0.110756678744695	0.00815118734529665	0.0646593147332232	0.120810527714333	0	0	0.59366135049294	0.0103796748744315	0	0.588723846333236	0.819215580697231
TCGA.DA.A3F3.06A	0	0.0219677077804135	0	0.0891162716549833	0.0320165649022361	0.0736011161187076	0.545172002719466	0.0375267422129302	0	0.200599594611263	0	0	0.288981166458458	1.02846362599358
TCGA.ER.A2NB.01A	0	0	0.149990650758026	0	0.0386707308027726	0.121001947369417	0.060581837716313	0.211283783362521	0	0.337423946700319	0.0810471032906321	0	0.253199595023691	0.996776829716064
TCGA.EB.A3XF.01A	0	0.0647404131552683	0.0916933251765835	0.0286091738558221	0.0272107551600601	0.239650375457669	0.399498574394886	0.109026831740935	0	0.0395705510587759	0	0	0.164062679366444	1.06296445665999
TCGA.FW.A5DY.06A	0.243853647842641	0.171684009183216	0.05826583638338	0	0.0262027596839024	0.0337755609082593	0.0693248270573429	0	0	0.390435352637026	0.00645800630423173	0	0.586321636855224	0.811098571834686
TCGA.D3.A3MV.06A	0	0.138625525366903	0	0.109958853463263	0.041728606581664	0.112246834296968	0.5748926456521	0	0	0.0225475346391039	0	0	0.205511218947497	1.08603048886075
TCGA.D9.A3Z3.06A	0.0599724513135427	0.0535189034667758	0.11943189127036	0	0.0232726436288944	0.0569713591522101	0.109085461115121	0.0488402143196969	0	0.49496414707454	0.033942928658859	0	0.653141057334428	0.756574829217701
TCGA.YD.A9TB.06A	0	0.0322849841022238	0	0.00579484917497153	0.0653083469468973	0.081729930175295	0.266158155275561	0.114126476647831	0	0.43459725767722	0	0	0.501991729119484	0.871615952282419
TCGA.FS.A1ZP.06A	0.0316442295252107	0.215922325124216	0.0692562256386498	0	0.0315483182048437	0.136276424617598	0.1278207577474	0	0	0.387531719142082	0	0	0.336209847726216	0.95950631137939
TCGA.FS.A1Z4.06A	0.121928942039711	0.136083062193346	0.0898591139420246	0	0.0303278364254507	0.0706648264186048	0.216580707161618	0.0311405774563071	0	0.303414934362938	0	0	0.590270891264967	0.811507277197799
TCGA.D3.A1Q1.06A	0	0.127625530185271	0	0.124424215750035	0.0614443469434661	0.120355706750348	0.471440377673381	0.0672217136676601	0	0.0274881090298391	0	0	0.11477140008997	1.09812363036474
TCGA.RP.A693.06A	0	0.0356657201298281	0.0901346232430702	0	0.0295079817872957	0.0834506584982295	0.17215842300258	0.0972970742880956	0	0.491785519050901	0	0	0.629139330839912	0.776931665527513
TCGA.ER.A19J.06A	0	0.113434404699608	0.0486262319424594	0.0379256487201507	0.0439962677349994	0.174176881060997	0.252342481842874	0.0627054320798014	0	0.26679265191911	0	0	0.257866158819933	0.989313349925595
TCGA.D3.A3ML.06A	0	0.0225474731466336	0	0.0770034265930557	0.0177327067513281	0	0.573741000130673	0.0961241751898758	0	0.212851218188434	0	0	0.181239580910017	1.11488334456573
TCGA.EE.A2GB.06A	0	0.135122970048681	0.0212450899513569	0.0155697001685988	0.0338129367275653	0.0642326825432843	0.312609097453113	0	0	0.417407523107401	0	0	0.429431628123638	0.919547923502266
TCGA.D3.A5GN.06A	0	0.0557874134394034	0.0883594493667306	0	0.0213366118854444	0.0770334794520329	0.301458277010814	0	0	0.456024768845574	0	0	0.501573116396158	0.877722111068326
TCGA.FS.A1ZT.06A	0	0.158227160084364	0.214816693833292	0	0.0350345098867388	0.0729312925416273	0.1115448325606	0	0	0.390557503803582	0.0168880072897952	0	0.558216788811289	0.828962218302688
TCGA.ER.A19M.06A	0	0.0767996442220367	0.242140482878004	0	0.0269286699015186	0.172857397971343	0.31760380548309	0	0	0.163669999544007	0	0	0.469161621982562	0.891623146464469
TCGA.EE.A20I.06A	0	0.0545662395339586	0.0804466602650811	0	0.0252249385905767	0.0696795902647818	0.336436972122279	0.112140331396893	0	0.32150526782643	0	0	0.461793851861635	0.894766280491819
TCGA.EE.A185.06A	0	0	0	0.145867411648294	0.0254413348229834	0.000506721954852361	0.489102535525984	0.0509728557568235	0	0.288109140291063	0	0	0.336143568655358	0.997954586022254
TCGA.ER.A19H.06A	0	0.0759932233478548	0.138697942235585	0	0.0700963448341671	0.0956357512904286	0.266855851364357	0.025382971835157	0	0.32733791509245	0	0	0.494281998019707	0.873439736610117
TCGA.EB.A5SE.01A	0	0.0490469298523043	0	0.0927948266709472	0.0140999566058575	0.0233405457639003	0.289189064346433	0.035559538074424	0	0.495969138686134	0	0	0.508400414411439	0.874994572822152
TCGA.GN.A267.06A	0	0.114017040762898	0.116779471625259	0.0334050144254399	0.0352557723243826	0.0610865727809459	0.229583914242357	0	0	0.409872213838717	0	0	0.591989067676034	0.806287650737562
TCGA.EE.A3JE.06A	0.0457746129764796	0.0852342764329462	0.353083051012964	0	0.00933690933601291	0.13848345869137	0	0	0	0.362408610915329	0.0056790806348974	0	0.505066182956357	0.863395381209533
TCGA.BF.A9VF.01A	0	0.0226989436669771	0.0383374063975085	0.0435548279758505	0.0283815945050089	0.0132385489187143	0.598568753811853	0.149099132310554	0	0.106120792413534	0	0	0.237915351843198	1.09204823174501
TCGA.FS.A1ZA.06A	0	0.0640799339048214	0.0895962087030604	0	0.0164430020377788	0.0675579389006704	0.232236388652808	0	0	0.530086527800861	0	0	0.61477397499344	0.791843799957396
TCGA.D3.A5GS.06A	0	0.0786579031017819	0.273698763606965	0	0.0589177626254443	0.193741996638782	0.127615664424154	0.0356576422032539	0	0.202887788268904	0.0288224791307147	0	0.261663626476441	0.986473923160357
TCGA.QB.AA9O.06A	0	0	0.274249349519305	0	0.0180463638835908	0.0726583985235331	0.131655294774402	0.193233534031689	0	0.286864999527706	0.0232920597397738	0	0.333538694385947	0.961938043502166
TCGA.FW.A3TU.06A	0	0.0897504247042774	0	0.0702173146643403	0.0209348209808857	0.0755205876259124	0.120294891250756	0	0.0585303077517536	0.553008695702693	0.0117429573193819	0	0.59475923881452	0.80764504734733
TCGA.ER.A19O.06A	0.0112248990972171	0.0302864070595675	0.156140648264087	0	0.0460406098707375	0.35790436223426	0	0.00142309952722358	0.0475815705840205	0.276418669671726	0.0729797336911606	0	0.492436580558596	0.87056974476809
TCGA.D3.A8GP.06A	0	0	0.0244649468448872	0.128328656500132	0.0239913077554282	0.0116427501211255	0.510387008787274	0.106994573619797	0	0.194190756371356	0	0	0.250330706295989	1.05262968333815
TCGA.EE.A2MQ.06A	0	0.131549912035299	0	0.0730889463840326	0.0351639807678822	0.0640704555325784	0.407675187893461	0	0	0.288451517386747	0	0	0.42422983570419	0.919346209997364
TCGA.D3.A2J6.06A	0	0.015816750321618	0.252680067115396	0	0.0457910088750025	0.0750078095335729	0.455596492471342	0.100310811423613	0	0.0547970602594555	0	0	0.382939533627898	0.978375443764394
TCGA.GN.A4U4.06A	0.00371291342983424	0.12689767991183	0.0533993610083403	0.0467777259684324	0.0362782364307983	0.0162427078791769	0.385210775017493	0.0491134989426258	0	0.282367101411469	0	0	0.313466181121824	0.986546911243472
TCGA.D3.A2J9.06A	0.108613913792048	0.0950213666180885	0.217848927635241	0	0.0183615521043315	0.111526469948666	0.0217681468169566	0	0.105744205702704	0.256160275841085	0.06495514154088	0	0.523887646958379	0.852635068332988
TCGA.EE.A2MI.06A	0	0.0785682041712843	0.174572802815872	0.00322238884378895	0.0389397749170836	0.361800455648192	0.11786011345234	0	0	0.222294325814759	0.00274193433668061	0	0.301270735434071	0.973682482222577
TCGA.D3.A8GJ.06A	0	0	0.328650361919032	0	0.0173083193411327	0.112912111365913	0.0787126843650527	0.111104893921923	0	0.321937498793089	0.0293741302938585	0	0.336730636585109	0.962098753885087
TCGA.GN.A9SD.06A	0.130458834018621	0.193282127143518	0	0.0527301425004846	0.0343755601025028	0.0709119020849397	0.0872989332442292	0	0.0506992632573582	0.32117238850349	0.0590708491448564	0	0.61458425495017	0.796398371291502
TCGA.ER.A197.06A	0	0.0977886418025143	0.256841983251868	0	0.0364629824978563	0.332999373597023	0.228012769583761	0	0	0.0478942492669778	0	0	0.499438318491231	0.8727814445636
TCGA.GN.A4U9.06A	0	0.0691341844085422	0.0226810954896231	0.0481286265750665	0.0265333174433476	0.0858564443707445	0.578196416883038	0.0713840271948206	0	0.0980858876348179	0	0	0.422856338639067	0.950375339713402
TCGA.EE.A20C.06A	0	0.126260567975939	0	0.0454920359829549	0.0243632883623679	0.14696313655312	0.520258124208852	0.0454461108868396	0	0.0912167360299261	0	0	0.114643122490628	1.10900459960716
TCGA.D3.A3C3.06A	0.00103101410814239	0.146136414188462	0.0816001273445521	0	0.018371727597896	0.0639909702325008	0.439374608487838	0	0	0.249495138040608	0	0	0.46626845252598	0.898801532689193
TCGA.FS.A4FD.06A	0	0.0763848951662579	0.108875147876543	0.0147328016119406	0.0269739481356044	0.0487234358831945	0.452463184077196	0.0233137265389266	0	0.248532860710337	0	0	0.386348981580007	0.957120660567916
TCGA.EE.A3JI.06A	0	0.11188517556942	0	0.076899766134792	0.0193756007048515	0.0864574450831533	0.478684744637155	0	0	0.226697267870628	0	0	0.272697994096855	1.01651042383597
TCGA.EE.A3J8.06A	0	0.111255188776744	0	0.22051747028767	0.0866183398662135	0.0390823322357803	0.532237659390409	0.00926303890171914	0	0.00102597054146342	0	0	0.11253422433512	1.13708202377215
TCGA.EE.A20B.06A	0	0.0640525965270018	0.0641683464403386	0	0.0323742831283469	0.0884050534305288	0.103330422174456	0.0508820190229604	0.00135750385356153	0.595429775422806	0	0	0.597472457056845	0.811253524629758
TCGA.BF.AAP8.01A	0	0	0	0.245822593445716	0.0811115198561299	0.132207147517377	0.172215808009196	0.0045097338214719	0	0.269212389252891	0.0949208080972192	0	0.204082121325507	1.01284750937435
TCGA.FR.A44A.06A	0	0.0357841567879252	0.386180680570831	0	0.0237424011807633	0.237110078594743	0.0536263945353391	0.110997241779087	0	0.132000737885072	0.0205583086662386	0	0.525393035585862	0.851138229614065
TCGA.EE.A29E.06A	0	0	0	0.0390003003705731	0.0377911514261368	0.0456528268417317	0.635860015215573	0.170107957528236	0	0.0715877486177496	0	0	0.301963186763629	1.05621499270921
TCGA.EE.A2MC.06A	0	0	0.285519131039452	0	0.0291667958193423	0.185610525194585	0.106891649549103	0.0984862546518911	0	0.258949789932741	0.0353758538128853	0	0.450040234352434	0.893945821321453
TCGA.ER.A3ET.06A	0	0.0658277117107467	0.0587570457373286	0	0.0261354031983761	0.246865278185779	0.244436332925938	0.00365272727032347	0	0.349524220379628	0.00480128059187999	0	0.564082820962718	0.830153951928189
TCGA.EE.A2MG.06A	0.198437735050947	0.194965994895977	0.0591134410037045	0.0468574192983279	0.0528932631692208	0.0675571198926414	0.0951258126601073	0	0	0.283238261656418	0.00181095237265565	0	0.668052551164219	0.75932556208762
TCGA.D3.A2JN.06A	0	0.0224933275885487	0.21622194481579	0	0.00784634108092244	0.0448855302101882	0.0879736204203489	0.00476480141283023	0	0.615814434471371	0	0	0.602222748803193	0.813269037278915
TCGA.EB.A3XE.01A	0	0.199983791014704	0.0640977630819038	0.0248917789845147	0.0709986805682335	0.0753896686934536	0.0448981020648423	0	0	0.462533621390529	0.057206594201819	0	0.367335769006014	0.959108006451179
TCGA.ER.A19W.06A	0.0144175325321973	0.034870924486033	0.290594261478088	0	0.0372191428745597	0.162229435441501	0.214186355595506	0.121194686415322	0	0.125287661176793	0	0	0.494301298361523	0.871682498008626
TCGA.BF.A1PZ.01A	0	0.030094285723339	0	0.0815462566844821	0.0404761590708885	0.0590797913052972	0.436286072855156	0.0178242057423664	0	0.334693228618471	0	0	0.471292536598124	0.89919393197994
TCGA.D3.A8GD.06A	0.105662734419948	0.0908926318675612	0.185299492183687	0	0.02395443329684	0.0908346424574966	0.121699150076936	0.0629830057070224	0	0.299562491241475	0.0191114187490347	0	0.595266058617941	0.809381903751448
TCGA.D3.A8GR.06A	0	0	0	0.147922675838954	0.0691361029114965	0.0601871472445294	0.424930186758328	0.117728430659123	0	0.18009545658757	0	0	0.0405355891317586	1.12719113969661
TCGA.EE.A3AB.06A	0	0.0748617869816461	0.0480577258885203	0	0.00329530647453946	0.351966013353751	0.110918926350718	0	0	0.405010454817295	0.00588978613353059	0	0.603844657497735	0.797733521852379
TCGA.D9.A148.06A	0	0.13367869880525	0.0876827889754597	0.0106090476744661	0.0218483933101153	0.0418686732285493	0.169961400907609	0.0296570358277266	0	0.502289244726651	0.00240471654417227	0	0.531542978886001	0.853236537399961
TCGA.EB.A6R0.01A	0	0.0422668714954141	0.251628216434	0	0.0235048830314883	0.117760729480288	0.357089947327087	0.0543981005653527	0	0.15335125166637	0	0	0.460889759034082	0.901652842261179
TCGA.D3.A3CB.06A	0.0562292224783511	0.0210086705904039	0.137899226802639	0.085748752199213	0.0394007346098927	0.126391488275977	0.0323977184767316	0	0	0.422704350664846	0.0782198359019458	0	0.558189683692553	0.829199984624772
TCGA.EE.A2GK.06A	0.424314878751401	0.20181099933847	0.0621188215714435	0	0.0390130740042705	0.0380585589872765	0.0704198681392032	0.0169241986938687	0	0.147339600514066	0	0	0.681290414025654	0.737277677643631
TCGA.EE.A181.06A	0.0179722738920069	0.047793973164775	0.144648768422228	0.00843977756280775	0.0180221609089912	0.126882001274755	0.239442269959253	0.072369940636778	0	0.324428834178406	0	0	0.429086548402293	0.908965438271303
TCGA.ER.A2NE.06A	0	0.0381234311702793	0.0109380466569751	0.0525694595680937	0.0192686638263732	0.0117249113554987	0.686214078562097	0.0863745739299518	0	0.0947868349307311	0	0	0.401943931380436	1.0071023545641
TCGA.WE.A8K5.06A	0	0.042283300204142	0.0840103197678242	0.0228491768429808	0.0349522367122263	0.0819549503564324	0.522621589620664	0.0816892431050238	0	0.129639183390706	0	0	0.41346948616271	0.949469200544846
TCGA.DA.A1IC.06A	0	0.138735058875848	0	0.171620412575807	0.0816976644760826	0.0793724767031569	0.32927836781977	0.0531566750321745	0	0.14613934451716	0	0	0.17525086408663	1.03100685497563
TCGA.D3.A51G.06A	0	0.0892894712663755	0.19560297621791	0	0.0279360339379843	0.0830746581282849	0.510711456013985	0.0339339569934186	0	0.0594514474420409	0	0	0.355431473944333	0.999897772894405
TCGA.BF.A1PV.01A	0	0.00266878589152066	0	0.0829567725563492	0.00891419745664701	0.0281778493070148	0.407755342907333	0.175550082119057	0	0.293976969762079	0	0	0.324904225177522	0.984168511649882
TCGA.FS.A4FB.06A	0	0	0	0.14828276051272	0.0331076388678623	0.0380355887655907	0.623388484210773	0.0940544582606318	0	0.0631310693824223	0	0	0.157989963780164	1.14843423825887
TCGA.BF.A1Q0.01A	0	0.0688759404061516	0.0404494454892716	0.0123525356619751	0.0370792624011412	0.0410261741724279	0.46258113696862	0.117038877700339	0	0.220596627200074	0	0	0.370838354475565	0.961483187880792
TCGA.FS.A4F8.06A	0.12231510996506	0.299648638712537	0.0769710645693536	0	0.0373138626400455	0.0571353738596683	0.102041973730734	0	0	0.304573976522602	0	0	0.492090087485421	0.870345929853732
TCGA.FS.A1ZY.06A	0	0.0641904246826277	0	0.139430682069356	0.0777466173691772	0.02554888498055	0.596211710712997	0.0405341249202101	0	0.0563375552650824	0	0	0.158158165665096	1.13188787708478
TCGA.ER.A19E.06A	0	0.037736985585342	0	0.0911268507067892	0.0155708074304041	0.0895609959387935	0.518657606487737	0.0190397110712724	0	0.228307042779662	0	0	0.381366244470493	0.963680538092926
TCGA.GN.A26D.06A	0	0.0630626187288285	0.0480584263838841	0.00479550383108901	0.00718361206254133	0.0419744913759008	0.44307233603926	0.0773416476077591	0	0.314511363970737	0	0	0.375397753705998	0.963029353123358
TCGA.D3.A3MO.06A	0	0.107215288212044	0	0.110899799011017	0.0489742274597743	0.102769069013249	0.583750181958893	0.0162798520900404	0	0.0301115822549823	0	0	0.235841609877785	1.0718888355254
TCGA.EE.A2GJ.06A	0	0.0872664023069126	0.20711761045479	0	0.0323350133718545	0.292008038095485	0.314594911960734	0	0	0.0666780238102241	0	0	0.323706830152644	0.974892824394277
TCGA.D3.A3C6.06A	0	0.0371667654448391	0	0.145757914526127	0.0348340653633206	0.0666101212453718	0.66107091157399	0.0401766558298232	0	0.0143835660165281	0	0	0.288111656019847	1.07860763258276
TCGA.3N.A9WD.06A	0.04234930754917	0.124550140737418	0	0.0153248564128193	0.0286292809108296	0.0370963901430971	0.113405968500436	0	0.0407787004453145	0.591697821534549	0.00616753376636623	0	0.554572976261922	0.851395788297381
TCGA.D3.A2JC.06A	0	0.098182376691928	0.0460459184124025	0.0393462371507537	0.00978579089757889	0.129686716101367	0.211669871621593	0	0	0.465283089124377	0	0	0.533532959551596	0.8482519585599
TCGA.FR.A7UA.06A	0.0347834652685598	0.00840518826059959	0.405458243200891	0	0.0121636785807875	0.158787380270213	0	0	0.0517140878544267	0.253135061100554	0.0755528954639676	0	0.440261394856666	0.900699895985225
TCGA.GN.A26A.06A	0	0.0587353852772089	0.209195271404285	0	0.0283330233785264	0.344139929653543	0.128496463523499	0.129516299782201	0	0.0641547071512217	0.0374289198295149	0	0.266469494202669	0.986861689893157
TCGA.D3.A1QA.06A	0	0	0.00435440897573944	0.0645096695579943	0.0377027985924158	0.0539594144796572	0.434680731830145	0.154084554895255	0	0.250708421668793	0	0	0.371809009574716	0.955817224194626
TCGA.D9.A6E9.06A	0	0.0808705425376181	0.328078401018248	0	0.0251250103618013	0.172959440580329	0.0566385490421877	0	0.0230423627815577	0.304490783082781	0.00879491059547651	0	0.559962320307467	0.829372505727347
TCGA.EE.A184.06A	0	0.0868950023321951	0.157179327266005	0	0.0259656015450076	0.0894134561565594	0.181557113105416	0.0668041091556418	0	0.392185390439176	0	0	0.354720261119294	0.955255185391334
TCGA.DA.A95W.06A	0	0.0337772285451997	0.111283293254145	0	0.0306843075799865	0.0472507605706205	0.262284478039649	0.117898603077313	0	0.396821328933087	0	0	0.518630933881214	0.858529707527576
TCGA.EB.A3Y7.01A	0	0.0483745602492973	0	0.0563090030114384	0.0203602856296194	0.0187309592218189	0.482694517274382	0.0630255272314819	0	0.310505147381963	0	0	0.313095000500826	1.00924798414815
TCGA.EB.A97M.01A	0	0.0719393870740859	0.112929382590955	0	0.030569345575	0.109614676860335	0.262457081278317	0.0657093007114458	0	0.346780825909861	0	0	0.398479875252173	0.928696762493
TCGA.EB.A6L9.06A	0.131633225493694	0.15785217447915	0.112614094697329	0	0.0502013333328351	0.034357601163959	0.0903707057863193	0.0418016431143945	0	0.381169221932318	0	0	0.628038762243027	0.779890725704722
TCGA.BF.A3DN.01A	0	0.127498906966509	0	0.123527902163939	0.0917184444623323	0.106035044925614	0.497069242258861	0.0538579599689438	0	0.000292499253801344	0	0	0.0881474260902565	1.12544206024108
TCGA.EE.A29B.06A	0	0.0494494325876156	0.00435896940301342	0.069453149543158	0.021454378661536	0.123713666569226	0.563744211219667	0.134017573888119	0	0.0338086181276652	0	0	0.329621407623487	1.00882454625164
TCGA.GN.A4U8.11A	0.177193772981054	0.104456394489311	0.217129379402395	0	0.0227420687614141	0.100001023258449	0.0898445678775839	0.0396935167451243	0	0.246047544209887	0.00289173227478185	0	0.550222881904933	0.83719432415918
TCGA.FS.A4F9.06A	0	0.055686022433699	0	0.0953935938302519	0.0229303868436656	0.0335749811444524	0.556905745649993	0.0636970534374211	0	0.171812216660517	0	0	0.313060021903542	1.01826288225047
TCGA.EB.A41A.01A	0	0	0	0.129948180023024	0.000488213411765445	0.0281327213625335	0.367807767482871	0.0396276769897781	0	0.433995440730027	0	0	0.403490653572312	0.948747370432602
TCGA.Z2.AA3S.06A	0	0.0683930762432177	0.0235171444477592	0.0924923596329631	0.0212430679890006	0.0709980977778347	0.456948587703203	0	0	0.266407666206021	0	0	0.439698937344872	0.917765559150117
TCGA.EE.A2GC.06A	0	0.0581232869356993	0.16991360383501	0.0327730199351209	0.0275949897037188	0.116577012694201	0.0722683718634969	0	0.00433370146650781	0.489565598700852	0.0288504148653933	0	0.570199998086512	0.822414886530257
TCGA.D3.A2JA.06A	0	0.159464019317694	0.0637495714497406	0	0.0487578799299603	0.29177621715981	0.249156937088783	0	0	0.187095375054012	0	0	0.287932748914295	0.975440429377115
TCGA.EB.A430.01A	0	0.0652404238056215	0.141436043955543	0	0.0118304283237825	0.0369399330731203	0.196861318844467	0.0581485599833042	0	0.489543292014162	0	0	0.479799421485661	0.892426727855102
TCGA.EE.A17Y.06A	0	0.0710916017716132	0.0263617772270468	0.0108844052545722	0.0170577564139798	0.0572186402397033	0.405173068534249	0.0612937121441654	0	0.35091903841467	0	0	0.324446429116617	0.98907175549826
TCGA.EB.A5SG.06A	0.00364226977500339	0	0.304251089133434	0	0.0183944842625172	0.1441578847993	0.0396452950633691	0.102359544684089	0	0.347202431408816	0.0403470008734714	0	0.494650904163968	0.869120058131185
TCGA.YG.AA3N.01A	0	0.0833033687937999	0.234173587164762	0.102836615371186	0.0275663180933261	0.156581900391408	0.0807688992262357	0	0	0.281398710678339	0.0333706002809429	0	0.469543763933846	0.882162475276877
TCGA.DA.A1HW.06A	0	0.0729247413076084	0.19498423853478	0	0.0390663849017476	0.101914912278898	0.216069770023916	0	0	0.360368179573976	0.0146717733790749	0	0.496430431351378	0.870966881465276
TCGA.EE.A29Q.06A	0	0.0626070092526875	0.0243110171580551	0.0238884530154447	0.0167621511878646	0.0624860076523261	0.369436410023267	0.107609410430919	0	0.332899541279436	0	0	0.263817754493127	1.0140105483817
TCGA.EE.A3J5.06A	0	0.0594306758181573	0.182836171239996	0	0.0303574918587113	0.127132018883476	0.216436818383998	0.0592109294851532	0	0.324595894330509	0	0	0.512062599964717	0.860165687927947
TCGA.FS.A1YY.06A	0	0.0354014598513281	0.00823793125808033	0.0539748440088929	0.0432433287604604	0.218812141326932	0.433199147652392	0.114665423653028	0	0.0924657234888872	0	0	0.188646657568532	1.04684812568901
TCGA.DA.A3F2.06A	0	0.0682913840981353	0.196377138232639	0	0.0217184172473312	0.140465667897353	0	0.0628896985910142	0.0361262685984183	0.474131425335109	0	0	0.560313625874662	0.829397128934315
TCGA.BF.A5ER.01A	0	0.0337234430497	0	0.0617881458752525	0.0431805457855508	0.0547939039227005	0.565352887405354	0.167370901341704	0	0.0737901726197387	0	0	0.221442021340354	1.07797508964589
TCGA.IH.A3EA.01A	0	0	0.0585061620057821	0	0.0333740602904236	0.176745776557266	0.498577736334899	0.176197853694813	0	0.056598411116816	0	0	0.212649117269178	1.06315095487104
TCGA.D3.A51T.06A	0	0.00461851460753732	0.00205290291960079	0.0104702125029699	0	0.0738057188685978	0.258838656775513	0.0389875315730507	0	0.61122646275273	0	0	0.628433773414787	0.78917800344633
TCGA.RP.A694.06A	0	0.0146566489084349	0.0941629188206605	0.00699839361222042	0.0200545018006276	0.0577351318697592	0.212335747923678	0.119772319443134	0	0.474284337621485	0	0	0.552474654603726	0.836752976739177
TCGA.GN.A265.06A	0	0.104299369009686	0.0876955966760469	0	0.0358161212773336	0.151491055800167	0.155461102306	0	0	0.442090986366974	0.0231457685637929	0	0.595657199013601	0.803308442820128
TCGA.EE.A2MS.06A	0	0.0302362771797935	0	0.118146608003081	0.0192120165684361	0.0492588245132141	0.36842263133442	0	0	0.414723642401055	0	0	0.500965704586562	0.877140727258581
TCGA.EB.A3XD.01A	0	0.12706513929985	0.00713968737003094	0.0308025304670334	0.0801164365543769	0.139459184595269	0.0415454577139125	0.0409276261130256	0	0.489014626195095	0.0439293116914063	0	0.569506701203625	0.824004016333916
TCGA.ER.A194.01A	0	0.122132023705262	0.284605273532254	0	0.0847087029732247	0.212818073786647	0.0944426733641207	0	0	0.159456272188028	0.0418369804504643	0	0.171181974838259	1.0245926309376
TCGA.EE.A3J4.06A	0	0.0066494601861119	0.0933768931867036	0	0.0252464086212377	0.105487755477747	0.436311080489218	0.130820948327684	0	0.202107453711298	0	0	0.224293136749224	1.04333120186508
TCGA.EE.A2MH.06A	0.121949458176208	0.13065528525828	0.0680499953032559	0	0.0237899470324402	0.0508780138427311	0.172082078348	0	0	0.430565413574158	0.00202980846492766	0	0.623143976772247	0.781682045831609
TCGA.D3.A8GO.06A	0.107280226665493	0.0790702009630135	0.0857736394183685	0	0.0239472603565491	0.0259746203161181	0.0300407952896161	0.0184941359986094	0	0.60135815897907	0.0280609620131629	0	0.546833596738804	0.867970452683328
TCGA.D9.A3Z4.01A	0	0.0568358305214739	0.051601609476399	0	0.0385099501101892	0.0733976524613019	0.160908736555892	0.0757579076439535	0	0.542988313230791	0	0	0.577934514110594	0.821429435703201
TCGA.GN.A266.06A	0	0.0740361690888473	0.0152228131067514	0.028604847010287	0.0394465996880526	0.242651017090214	0.228590190257594	0	0.0415636850019631	0.329884678756291	0	0	0.578581907392697	0.821486570950056
TCGA.GF.A6C9.06A	0.0892070757353101	0.0534890785166551	0.147448565742183	0	0.0189985284643134	0.117094917370578	0.119254454075292	0.103786676775734	0	0.345482904887977	0.00523779843195697	0	0.582770666294882	0.814920996818908
TCGA.FS.A1Z3.06A	0	0.0534373687131287	0	0.212565062386846	0.0869454230804729	0.0541043277654121	0.527568724627267	0.0653790934268731	0	0	0	0	0.146799276635542	1.1165543646439
TCGA.ER.A19G.06A	0	0.0343166573938465	0	0	0.0325074904229431	0.164179122206602	0.390109573931109	0.104771519035172	0	0.274115637010327	0	0	0.51690545390152	0.863504450172788
TCGA.EB.A5UL.06A	0.0153732487032681	0.00827197308947935	0.112544582979812	0.0375157438616208	0.0141914483569217	0.0445982639950439	0.318986686311432	0.0371710556042938	0	0.411346997098127	0	0	0.559835239288645	0.834075142297179
TCGA.FW.A3R5.06A	0.0135315018775693	0.0691753072443001	0.0914174293471346	0	0.0240514224947489	0.0728182757658227	0.432759661959036	0.112399376720575	0	0.183847024590814	0	0	0.470294966516219	0.895016471350201
TCGA.EB.A42Z.01A	0	0.149300090578891	0.0968881268402808	0	0.0266174835956828	0.0870489630659214	0.326678396544877	0.10976308863539	0	0.203703850738957	0	0	0.172988893100387	1.03919974088819
TCGA.EE.A2MP.06A	0	0.0709857412304385	0.24152478611735	0	0.0662470165750887	0.263925943107416	0.246370488644469	0	0	0.0449087972338726	0.0660372270913655	0	0.285332179840074	0.988499832658176
TCGA.D3.A1Q3.06A	0.0414730639447441	0.115465419877099	0	0.0733986399688849	0.0241275599031337	0.0795536069575935	0.204766507143445	0	0	0.461215202205099	0	0	0.633114259476878	0.774003217433748
TCGA.FS.A1ZZ.06A	0	0.0169837148711962	0.0150895542533732	0.0489641731147574	0.0132387632205276	0.0289893348561942	0.29536521871412	0.147302000077933	0	0.434067240891898	0	0	0.24065604846969	1.04043790281887
TCGA.EB.A82C.01A	0	0.03884377254224	0	0.145375952213099	0.00893079030557903	0.00749782292948514	0.455800468851266	0	0	0.343551193158331	0	0	0.376749789547638	0.968629382592359
TCGA.D9.A1JX.06A	0	0.0489937073819516	0.261093104838624	0	0.0223948800958469	0.118721196404994	0.263937557080732	0	0	0.284859554197851	0	0	0.460001262595822	0.895801835700383
TCGA.EE.A29X.06A	0	0.0270614178651318	0.110817708667067	0	0.0367716083749681	0.1296954864938	0.258381652978188	0.0475538341352047	0	0.389718291485641	0	0	0.500531887648914	0.870781102308811
TCGA.D9.A4Z3.01A	0	0	0	0.126939172378659	0.0357305750262003	0.134157476284974	0.596694723964475	0.0189101334657103	0	0.0875679188799809	0	0	0.233080233629834	1.07832622520359
TCGA.EE.A183.06A	0.0982424735653205	0.16699622467498	0.0831044287590457	0	0.0715714776378014	0.0419204526789748	0.196969816948708	0.0256072260899327	0	0.315587899645237	0	0	0.538275882921576	0.842725621317091
TCGA.D3.A1QB.06A	0.00259429516009576	0.0376037561073477	0.332683090551951	0	0.0339403612279246	0.148812264084664	0.0676191523027943	0	0	0.357773622668908	0.0189734578963137	0	0.526037824644237	0.850356734132377
TCGA.EE.A3AH.06A	0	0.0283020228332164	0	0.0772362631345831	0.0285457942699191	0.0504835192861061	0.422104352414091	0.0843894459606761	0	0.308938602101408	0	0	0.192923081556674	1.06163037042177
TCGA.EB.A41B.01A	0	0.084579540001568	0.0915143738052588	0.142187564233509	0.0331992833245022	0.0536509730112067	0.518183950552595	0	0	0.0766843150713599	0	0	0.273875579976252	1.04310508844444
TCGA.WE.A8ZT.06A	0	0.121681898540205	0	0.108431913804506	0.0353234117724671	0.0415936361924812	0.393468032755458	0.0238101792367038	0	0.275690927698179	0	0	0.130187220002169	1.08026624679709
TCGA.EB.A4IS.01A	0.106323950849264	0.0361270904925462	0.179106616564259	0	0.0221186664400975	0.0758398863648949	0.100525611209818	0.0497704497660123	0	0.405725447784275	0.0244622805288323	0	0.487923751963163	0.876779452116936
TCGA.EE.A3AG.06A	0	0.0780327156238374	0.0450804552973769	0.0596990500407471	0.00376546909969853	0.0767264095106298	0.603328876199725	0.0419882319887439	0	0.0913787922392411	0	0	0.279832250896144	1.05971714521837
TCGA.DA.A1I4.06A	0	0.103405542932755	0	0	0.0336135876886691	0.391532202844811	0.29076994118823	0.121276437065363	0	0.0594022882801711	0	0	0.425057716470784	0.914209848580965
TCGA.GN.A8LL.06A	0	0.0611502946209381	0.0750078286899754	0	0.025730260581209	0.00199542551937402	0.222051568945356	0.0792496637826826	0	0.534814957860464	0	0	0.547228926506637	0.849171542027627
TCGA.EE.A3J3.06A	0	0.0450237420642066	0.0363139770843154	0.0127701482043765	0.0361832657843876	0.102780290796089	0.389360812806477	0.0280587846236538	0	0.349508978636493	0	0	0.505027487691514	0.873412339540131
TCGA.EB.A51B.01A	0	0	0.000473568968333314	0.0899876782846832	0.0400954176077177	0.046942558628114	0.695290743822228	0.105300609138974	0	0.0219094235499495	0	0	0.328168292429326	1.06716176185999
TCGA.D3.A8GC.06A	0	0.0926731382837784	0	0.109906222883833	0.0185896914152177	0.0596306251402145	0.224453605499483	0	0	0.494746716777474	0	0	0.576340046680731	0.81877401996564
TCGA.BF.A5EP.01A	0	0	0	0.19447967541931	0.0284275933956989	0.0279589995550015	0.630623034284815	0.047710238215081	0	0.0708004591300935	0	0	0.196876134377792	1.12939920022793
TCGA.W3.AA1Q.06A	0	0.151438947545818	0.100381323841407	0.0797532749145021	0.0304528169110807	0.0583911469869982	0.0734485242770411	0	0	0.464591813410026	0.041542152113126	0	0.443756577728793	0.90909646457226
