Mixture	B_cells	CD4T_memory	CD8T_B	CD8T_G	Dendritic_cells	Monocytes_Macrophages	NK1	NK2	NK3	Plasma_cells	Tregs	P-value	Correlation	RMSE
TCGA.D3.A8GB.06A	0.0810202388764017	0.0523470025499391	0.17998950663764	0	0.0267589128479771	0.0863469234193916	0.0255643320185976	0.106969675525733	0	0.387055787534994	0.053947620589326	0	0.609003533591571	0.795155030019931
TCGA.WE.A8ZN.06A	0	0	0.151227055877018	0	0.0331003235707669	0.124858688210106	0.270624646403876	0.142472950637907	0	0.233757855461484	0.0439584798388417	0	0.170176644116039	1.04135444733003
TCGA.ER.A2NF.01A	0	0.0287936140921385	0.114399083003255	0	0.0159111868759021	0.0517940206608034	0.0520116096010808	0	0	0.683356137661883	0.0537343481049375	0	0.663700003890258	0.764240206398053
TCGA.HR.A2OH.06A	0	0.020887639451993	0.310577987481863	0	0.0173223264503618	0.179236224816782	0.126885050454764	0.0499972394491254	0	0.264471599364864	0.0306219325302465	0	0.471654842772512	0.882726655280742
TCGA.WE.A8K6.06A	0	0.0704875878145821	0	0.0656181387356648	0.0572497899998506	0.214272346453277	0.112345761158883	0.114880143313268	0	0.277870540863554	0.0872756916609197	0	0.170221701652942	1.02384519044944
TCGA.RP.A695.06A	0	0.0260768876924137	0.0821905467829288	0.00732217570673759	0.016761057897662	0.0372387207731686	0.261807617110869	0.104199437987001	0	0.464403556049219	0	0	0.542920608837218	0.845323914835235
TCGA.D9.A3Z1.06A	0	0	0.175633468888417	0	0.0433311855579395	0.116687405474336	0.209915239206568	0.00475836337333978	0	0.4496743374994	0	0	0.597185671144227	0.80482361393424
TCGA.GF.A6C8.06A	0	0.0642030548284205	0.116111139336606	0	0.0402688347957346	0.0985916614144843	0.343847849280237	0.111187998369827	0	0.225789461974691	0	0	0.468564722649716	0.889347396474913
TCGA.D3.A1Q6.06A	0	0.130816588419715	0.0139444503611622	0.0737941514066454	8.55488315941549e-05	0.0945672834300621	0.258108801588607	0	0	0.428683175962214	0	0	0.214174663794995	1.04208616692656
TCGA.ER.A195.06A	0	0.0794505929061527	0.168851539169682	0	0.0427755124693528	0.163305329350491	0.221906730910614	0.113945608307514	0	0.186488896743665	0.0232757901425294	0	0.366154704604695	0.936175031516908
TCGA.ER.A2NG.06A	0	0	0.234311478943807	0.0413245992157021	0.0141302306251235	0.195269358139513	0.246481509756434	0.0798809827106284	0	0.188601840608792	0	0	0.537090993417976	0.847578845470855
TCGA.EB.A4IQ.01A	0	0.155407525432307	0	0.136076343113127	0.0577645291011723	0.0456515633966168	0.401721197435462	0	0	0.203378841521315	0	0	0.218511849337815	1.02794215331062
TCGA.EB.A3Y6.01A	0	0.0605309567936739	0.0288083222668228	0	0.055760901251732	0.101702056283666	0.442510251251426	0.212203840381131	0	0.0984836717715479	0	0	0.144928609995553	1.07472473674943
TCGA.FR.A726.01A	0	0.0833359712948226	0.02407676722987	0.0460186502537034	0.0293797637284374	0.107777627072127	0.557092761578256	0.0805686846294844	0	0.071749774213299	0	0	0.261589150401964	1.04756130932455
TCGA.XV.AAZY.01A	0	0.0932336082050685	0.0655458898708031	0.0130766069636295	0.0642334277016286	0.0988860736206522	0.28356065785505	0.0737990551904421	0	0.307664680592726	0	0	0.458678038430474	0.892393465619604
TCGA.FS.A1ZS.06A	0	0.162235502926119	0	0.105858094509335	0.0801381830090646	0.189716592246654	0.332547699056646	0	0	0.129503928252181	0	0	0.117971858930527	1.05238700710282
TCGA.ER.A2ND.06A	0	0.0360105374189275	0.012312957997042	0	0.0445274791259732	0.133398496416806	0.378866749620266	0.0762475806543451	0	0.318636198766641	0	0	0.422229549766119	0.921947649930819
TCGA.DA.A1I5.06A	0.00237712690106041	0.0867689346390761	0.0976704665360626	0	0.0162206503430952	0.225428924454221	0.205232081171754	0	0	0.30632155055233	0.0599802654024004	0	0.481411187563286	0.877799768852644
TCGA.BF.AAP6.01A	0	0.0821334026835225	0	0.0687481004355194	0.0409903907883063	0.0615933208979163	0.613193298015759	0.0911296447387451	0	0.0422118424402311	0	0	0.321007981300468	1.03148037949553
TCGA.EE.A180.06A	0	0.0952971131239761	0.0807276998458765	0.0357057676755601	0.043271057733101	0.0755975385247432	0.583333687423724	0.0627754135281913	0	0.0232917221448283	0	0	0.178599465128786	1.12399918206401
TCGA.EB.A5VV.06A	0.336080680071214	0.279297711096552	0.0879028031653759	0	0.0324820408146895	0.034109928360777	0.0100488086415082	0.0356115794190203	0	0.156734793121725	0.027731655309139	0	0.67036900272885	0.757769674879784
TCGA.BF.AAOU.01A	0	0.0382306013616919	0.0526926069008572	0	0.00285525562213621	0.0655421055486775	0.163301067666002	0.052662817506373	0	0.624715545394263	0	0	0.608010956296676	0.807135675229125
TCGA.EB.A431.01A	0	0.171484901390448	0.0269586096856648	0.0292487738934475	0.0333029451564921	0.0416668600510097	0.533278994612975	0.00292203295713722	0	0.161136882252825	0	0	0.361517469633741	0.978019951688899
TCGA.EB.A24D.01A	0	0.0193017515972545	0	0.0216399071221427	0.0165375684660291	0.0155901770144206	0.259411329898075	0.10400819529226	0	0.563511070609818	0	0	0.595655303183434	0.812572341752929
TCGA.RP.A690.06A	0	0.174483822905529	0.0429689444627033	0.159630527586253	0.0945858320222834	0.243943248914791	0	0	0	0.0740994171068959	0.210288207001545	0	0.187716780537997	1.01406707289992
TCGA.FR.A7U8.06A	0	0	0	0.16611150985493	0.049141582676953	0.0530152266834735	0.592684439894843	0.0899828447002849	0	0.0490643961895156	0	0	0.246909543566687	1.07780457758839
TCGA.ER.A19A.06A	0	0.0630497723261361	0.214169529359659	0	0.0535700239185575	0.317237990109459	0.0469994311179254	0.189983671616868	0	0.0675285318041546	0.0474610497472408	0	0.593685169046973	0.815749449491787
TCGA.DA.A1I0.06A	0	0.152959874569719	0	0	0.0434365194024233	0.0848349758425338	0.193468481256913	0	0	0.484568072707808	0.0407320762206032	0	0.514110426190603	0.863760353370801
TCGA.EE.A2A2.06A	0.0345476074648273	0.11443151302545	0	0.0855088792417534	0.0097610606720201	0.0525530331168898	0.395472185247774	0	0	0.307725721231285	0	0	0.524921029124961	0.855180804612959
TCGA.DA.A1HV.06A	0.00160552661229997	0.0447537986628597	0.215546120434593	0	0.0183556270082272	0.175976831449979	0.161123029638261	0.0417175592013175	0	0.340921506992463	0	0	0.510950280431729	0.860248293803763
TCGA.ER.A19D.06A	0	0.0811067872272446	0.087351775645725	0	0.0484463936840845	0.178825190472633	0.312265772632092	0.0076552940001601	0	0.284348786338061	0	0	0.462917258610008	0.89309272418798
TCGA.EE.A29S.06A	0	0.109621023824806	0.0104043381741865	0.0245908190196348	0.0315182572361689	0.130872953189541	0.415473756390865	0	0	0.277518852164798	0	0	0.377660634234908	0.947685473608728
TCGA.W3.AA1V.06B	0	0	0.0211632409703916	0	0.0409812534033973	0.114863946292021	0.518017473464493	0.165394900334746	0	0.13957918553495	0	0	0.498225865787422	0.88745866412354
TCGA.EE.A29N.06A	0.0779970598572876	0.0969576198775803	0.038191424139435	0	0.0457091038926425	0.103179738911116	0.34804729486325	0	0	0.271141211513854	0.0187765469448346	0	0.466931194114071	0.890747774189713
TCGA.D3.A51R.06A	0	0.0755665306131348	0	0.17046261549886	0.0288952708127064	0.013075663550513	0.678342911114522	0	0	0.0336570084102639	0	0	0.451219750904866	0.966810076667773
TCGA.YG.AA3P.06A	0	0.0304056311201165	0.0179731729198591	0.0572087539699295	0.0472463769416916	0.0530589017315656	0.476392383280512	0.107835929543596	0	0.209878850492729	0	0	0.213492085305841	1.05507580728111
TCGA.D3.A2JG.06A	0	0.0449175471130624	0	0.117387468384104	0.00772800366430226	0.0512781308931982	0.211483127058193	0	0	0.56720572288714	0	0	0.539130316512339	0.857851484329348
TCGA.W3.A825.06A	0	0.0456905331477267	0.124737956796079	0.041628598751086	0.0389156835240475	0.18099752794262	0.254293762003032	0.0215673544594037	0	0.288944402331097	0.00322418104490758	0	0.463412313267309	0.889931932480376
TCGA.EE.A29V.06A	0	0.0129451409618999	0	0.0740353663791893	0.0246223157441053	0.0491240548946609	0.47172878374708	0.0558924252436937	0	0.311651913029371	0	0	0.450501532812425	0.916780985254182
TCGA.ER.A19S.06A	0	0.0417840193571637	0.374250851853286	0	0.0145672232684943	0.12417865966996	0	0	0.0133126790269473	0.407454675718318	0.0244518911058297	0	0.546213966828458	0.838039002003306
TCGA.EE.A2GE.06A	0	0.08084695876646	0.252723115288091	0	0.0283036065732695	0.148594788045876	0.0299686597522416	0	0	0.446207118276718	0.0133557532973438	0	0.545004178982757	0.838827780858906
TCGA.EE.A2GD.06A	0	0.00549204650934352	0	0	0.0204732062655252	0.282328879143364	0.0387466729200277	0.126827069368008	0	0.491647253245224	0.0344848725485079	0	0.447280611010004	0.915192243017909
TCGA.BF.A3DJ.01A	0	0.0797405908141153	0.0822911155543423	0	0.0229250386664477	0.265513211932503	0.180924277437798	0.0367356353972038	0	0.33187013019759	0	0	0.2898656850389	0.981625535507335
TCGA.Z2.AA3V.06A	0.0123653346036647	0.00343463344033682	0.181165548763262	0	0.0328831505128241	0.230276552641253	0.0850120166438729	0.0452432887614558	0	0.353430839388332	0.0561886352449995	0	0.509807566786482	0.86030359124566
TCGA.DA.A1IB.06A	0.21696766438356	0.132853478492967	0.112842444989744	0	0.0275702401492745	0.090696493531555	0.0574799377516037	0.0358594850159556	0	0.274728117097737	0.0510021385876024	0	0.58950289237218	0.811451721027136
TCGA.D3.A2J7.06A	0	0.157641289899973	0.0862944069071493	0	0.00392821556600635	0.0614908794041592	0.0683876536332137	0	0.00104989649711474	0.615645182785562	0.00556247530682165	0	0.619611755217264	0.794480038772679
TCGA.W3.A824.06A	0	0	0.274550196836014	0	0.0148920224250877	0.152156528311256	0.206869173043457	0.122326397435729	0	0.229205681948457	0	0	0.451973966505051	0.89579993118928
TCGA.D3.A1Q8.06A	0	0.104499446733671	0	0	0.0245011678143353	0.161514386027652	0.159588638681561	0	0	0.549896360742781	0	0	0.569665260156831	0.828714403866115
TCGA.EE.A2M8.06A	0.0381236988966533	0.0479044154772939	0.383592214038321	0	0.0126423010939918	0.135263994882329	0	0	0.0376897963529791	0.271042010351848	0.0737415689065842	0	0.51785339207753	0.854675093002829
TCGA.GN.A26C.01A	0.00850349923643844	0.160018160495247	0.236658293362829	0	0.0126427667076483	0.147456406720915	0.0818009883042173	0	0	0.352919885172705	0	0	0.524808155583724	0.850550311762322
TCGA.EE.A2MR.06A	0.164082881342904	0.169862098472054	0.0458834695471045	0.0947226690352304	0.0240867628777404	0.108577951356693	0.213658527720546	0	0	0.179125639647729	0	0	0.607885885699595	0.812273907987633
TCGA.D3.A3C7.06A	0	0.138401157219719	0.192506096872518	0	0.0110000402681349	0.196085162989269	0.0828394230076561	0	0	0.355606755550653	0.0235613640920494	0	0.411872468073335	0.915064290817549
TCGA.EE.A29C.06A	0	0.0553208215625108	0.00540103512844088	0.0373883146912477	0.037791895387441	0.0715680361378292	0.470016945496833	0.0646758296171604	0	0.257837121978537	0	0	0.50634224879614	0.875198966807811
TCGA.ER.A3ES.06A	0	0.0821614506351946	0	0.176172634293686	0.0383467538586127	0.00378256537846305	0.570702937726447	0.0529742537331159	0	0.0758594043744809	0	0	0.103019738416265	1.15920438454684
TCGA.ER.A19N.06A	0	0.0689925173682403	0.158449877241951	0	0.0484423010295746	0.280565640876479	0.167873632989212	0	0	0.275676030494544	0	0	0.422846966918827	0.911020140718732
TCGA.FS.A1ZM.06A	0	0.0789300883580665	0.36692936489285	0	0.022703158444383	0.207273015923697	0.0937201081215824	0.0888793608035533	0	0.128665427292428	0.0128994761634397	0	0.307910694191126	0.96783153340094
TCGA.Z2.A8RT.06A	0.0072449342487606	0.144362169157089	0.0137027435849784	0	0.0399181446682772	0.108911005527573	0.295400448483521	0	0	0.383582913720377	0.0068776406094222	0	0.497790067943428	0.871005768695184
TCGA.FS.A1ZG.06A	0	0.108795149119424	0	0.103122150940089	0.0487272368222961	0.0568244063854721	0.419641981753522	0.0214382663395462	0	0.24145080863965	0	0	0.151456732387582	1.07007705206648
TCGA.ER.A42H.01A	0	0	0	0.231282432358891	0.072936630499741	0.063958362529365	0.464097432278	0.0614683976038102	0	0.106256744730193	0	0	0.19026924303885	1.06332611874182
TCGA.D3.A51K.06A	0.0140574523298005	0.0817725623800201	0.00243643343860213	0.0240328767740732	0.0507771807489484	0.0765149704197653	0.278509342960018	0	0	0.471899180948773	0	0	0.571570488124722	0.82467348042997
TCGA.D3.A3C1.06A	0.0133785657496825	0.0162562052709712	0.118195299960428	0	0.0595436178332956	0.0948975229275595	0	0.028400716060746	0.0334244283262993	0.51296353730885	0.122940106562169	0	0.333910069707228	0.996201761429004
TCGA.WE.A8JZ.06A	0	0.201831281207581	0.0702218897890555	0.0369952908628076	0.0343996779062058	0.0404314228813881	0.312251983198949	0	0	0.303868454154013	0	0	0.277679708962244	0.994713125470826
TCGA.FS.A1YW.06A	0.0157529995065027	0.178898177383703	0	0.116078416981792	0.0367964567562895	0.118013254492461	0.101087865596081	0	0	0.430736109681214	0.00263671960195701	0	0.398810879955305	0.930769594686204
TCGA.EE.A3AF.06A	0	0.123325980516261	0	0.0495294166483777	0.0475000885600379	0.213126170330963	0.415122180336154	0	0	0.151396163608207	0	0	0.348100756805253	0.958806936854712
TCGA.DA.A95Z.06A	0	0	0.019164630643143	0.0748586666403229	0.0377347747800258	0.113298531368099	0.590577441006592	0.164365955561818	0	0	0	0	0.300350517743129	1.04488005681566
TCGA.GF.A4EO.06A	0.0094967019262878	0.0559315044389385	0.174902673642856	0	0.0142086304992789	0.12228805741354	0.0624131378636182	0.00625327033584754	0	0.517543233017086	0.0369627908625475	0	0.576963700913473	0.819050989229023
TCGA.EB.A4OZ.01A	0	0.0585428664299709	0.239246265828957	0	0.0636776684251994	0.0953492451289204	0.0684865142261937	0.159631404465794	0	0.296625589845616	0.0184404456493493	0	0.385334370924675	0.928471565356406
TCGA.D3.A51N.06A	0	0	0.0545683559876533	0	0.00883834207001295	0.154727748604132	0.0792130524889988	0.077166717362528	0	0.569004444064845	0.0564813394218299	0	0.607742422284945	0.797871201379298
TCGA.EB.A5UN.06A	0	0.0828421057652612	0.102505104469851	0	0.0139805207627711	0.153565180006739	0.299621437251444	0.0863659804365526	0	0.261119671307382	0	0	0.174523944387811	1.03820049418042
TCGA.EB.A551.01A	0	0.0711014491312065	0.303840553407154	0	0.00912039604244125	0.117097537588581	0.0746409991949428	0.0402066321006699	0	0.383992432535004	0	0	0.514072583296569	0.858051220118315
TCGA.EE.A2GL.06A	0.222799867569849	0.245916053279454	0.117748296149742	0	0.0587589743082465	0.0300071100135503	0.0815149358379905	0	0	0.243254762841168	0	0	0.657426485676968	0.767669786407682
TCGA.GN.A4U7.06A	0	0.0330054371321606	0.0119516082608534	0.0611875505271968	0.0213974813992571	0.0108085329627131	0.569951082734	0.0999102839647505	0	0.191788023019069	0	0	0.385568946439141	0.978923958005858
TCGA.EE.A2MF.06A	0	0.0223117487670336	0	0.019815855230914	0.0406024211455998	0.101615839087564	0.384459254366902	0.0871123120329171	0	0.344082569369069	0	0	0.413721082044179	0.929386551385349
TCGA.FR.A3R1.01A	0	0.0725380464594806	0.137325604204261	0	0	0.049825213730345	0.284275543488566	0.0260392111577895	0	0.429996380959558	0	0	0.474885518153746	0.893261935983449
TCGA.WE.A8ZY.06A	0	0.0404537613467725	0.0409477997345506	0.0233223764840927	0.0151999468419493	0.0897247635272691	0.518031391521496	0.0842976705031739	0	0.188022290040695	0	0	0.364059491041839	0.97622629266611
TCGA.XV.AAZW.01A	0	0.170697170311011	0.0117930302786089	0.0363077587498859	0.0593046206677999	0.0772685120353416	0.594971370151189	0	0	0.0496575378061636	0	0	0.207382724532326	1.09189745986927
TCGA.EB.A4XL.01A	0	0.177373996567892	0.0956193715257882	0	0.0501885140843464	0.0689251926158053	0.203571412932662	7.92237548988355e-06	0	0.404313589898015	0	0	0.402038526624257	0.928640545425826
TCGA.W3.AA1O.06A	0	0.0467983669109657	0.0253716105883367	0.0424568231363665	0.0182844579780096	0.0676363723561775	0.630666399618787	0.0848695170338529	0	0.0839164523775046	0	0	0.396747126359675	0.987806048003978
TCGA.GN.A4U5.01A	0	0.0685070093825919	0.40298739375996	0	0.0509058759137571	0.177094484362335	0.0858004770786578	0.0774538253091893	0	0.03894206005495	0.0983088741385587	0	0.256689671331123	1.00112297375485
TCGA.EE.A2A5.06A	0	0.065895934905267	0	0.0945311330092834	0.0355884340132565	0.0881645680515381	0.49223471993158	0.109902019397998	0	0.113683190691077	0	0	0.272314831673271	1.01846114845924
TCGA.FR.A2OS.01A	0	0.0331834933980692	0	0.13735095882881	0.0407794085813854	0.125407946950067	0.569378136004098	0.0939000562375716	0	0	0	0	0.248027046057952	1.06562186127703
TCGA.EB.A6QY.01A	0	0.0606802707705798	0	0.0953248395055225	0.0134049297400773	0.0411641130278218	0.458520142780214	0	0	0.330905704175784	0	0	0.448141403577875	0.916809378328375
TCGA.D9.A4Z5.01A	0	0.0968170921851084	0	0.0298454897614325	0.0520403588388794	0.463191056947699	0.0959129750486531	0.131638578715774	0	0.130554448502453	0	0	0.225026095570784	1.02054817214049
TCGA.W3.A828.06A	0	0.0806125229937544	0	0.0810726870728919	0.068862516988869	0.260596683066702	0.26405837680765	0.0352925816394991	0	0.209504631430633	0	0	0.329533476613575	0.956251417967078
TCGA.LH.A9QB.06A	0	0.146681388150378	0	0.142516680577811	0.0429921357227535	0.0442965356253738	0.381956740013453	0.164285713827645	0	0.0772708060825859	0	0	-0.00179528075369063	1.1340822861423
TCGA.EB.A5VU.01A	0	0.0288630858330047	0	0.080590517091208	0.0373779386390568	0.0861610902324093	0.532833934142241	0.0875381533705972	0	0.146635280691483	0	0	0.219354202702731	1.06255382422938
TCGA.GN.A268.06A	0	0	0	0.206463366910719	0.0325730678248226	0.0325409861736326	0.674410242342097	0	0	0.054012336748728	0	0	0.433133119740241	0.980267289006119
TCGA.ER.A199.06A	0.151411809733708	0.107092604424258	0.137871783482722	0.0106326790852387	0.0396482277799104	0.0944776761585104	0.155237594915736	0.0349043010865124	0	0.259663548849471	0.00905977448393242	0	0.557927398695769	0.833294531159076
TCGA.EE.A3AC.06A	0	0.0244354587239883	0.153707134999041	0	0.0330028837143611	0.106152103844479	0.315394314521173	0.09836480420293	0	0.268943299994027	0	0	0.474460692956814	0.886557822660681
TCGA.RP.A6K9.06A	0	0	0.0656586886452553	0.137263412347174	0.0519390068182333	0.165064316311098	0.0438572566045473	0.00121272106176779	0.00844268229474024	0.454998808185357	0.0715631077318265	0	0.484514206373791	0.880956155550732
TCGA.D3.A8GQ.06A	0	0.082465067132214	0	0.104341781860468	0.0127897027644786	0.0350184031462355	0.310102645587309	0	0	0.455282399509295	0	0	0.547792628216956	0.84129999011282
TCGA.W3.AA21.06A	0	0	0.0484813339193356	0	0.0186020054104454	0.0237920932161958	0.367771820233374	0.111719571417528	0	0.429633175803121	0	0	0.33318649294524	0.997738004385611
TCGA.BF.A1PU.01A	0	0	0	0.153441928911898	0.0285118339961892	0.0200438031956423	0.526280888694808	0.211612724958873	0	0.0601088202425898	0	0	0.0949298902846652	1.15107517045245
TCGA.ER.A196.01A	0	0.0519464636169836	0	0.102909703493224	0.0153766120369765	0.143345061840768	0.173080782103649	0.0563604107495685	0	0.451890205782412	0.00509076037641763	0	0.435133899949826	0.911051380378461
TCGA.W3.AA1R.06A	0	0.0825631999200127	0	0.070889141425202	0.00484283781342661	0.0643744104463344	0.529376570372246	0	0	0.247953840022778	0	0	0.383905317066653	0.965567042897405
TCGA.FS.A1ZN.01A	0	0.0644495080864512	0	0.081336501896608	0.00600333265173878	0.0479698363978708	0.261693102521275	0.0142257694385771	0	0.524321949007479	0	0	0.328174076011692	1.005493539943
TCGA.GN.A4U8.06A	0.0509115040693684	0.121357156002684	0.237296443666079	0	0.026783601355545	0.0794421749582363	0.166484951731498	0	0	0.31772416821659	0	0	0.507939985854678	0.861215117909169
TCGA.EE.A2GU.06A	0	0	0.245304049068555	0	0.0374580703451637	0.0849213000254548	0.193606906976006	0.147197807449375	0	0.26382505371087	0.0276868124245756	0	0.482109406732882	0.877532047066222
TCGA.BF.AAP1.01A	0	0	0	0.0542212178062268	0.047407676357016	0.0923651999455862	0.449841208398296	0.118162824843238	0	0.238001872649637	0	0	0.18195990981445	1.06285555783479
TCGA.DA.A1I2.06A	0	0.00454982077383909	0	0	0.0271132561804282	0.0784763208567966	0.308315234401969	0.177864911037643	0	0.403680456749324	0	0	0.375785512949999	0.950712515253438
TCGA.FR.A8YE.06A	0.164051900691924	0.332384293133328	0.0823330490227695	0	0.0352077685245916	0.0988670270534243	0.0116464326412484	0.0630092905322562	0	0.186636717240477	0.0258635211599814	0	0.532166967832719	0.85467292458539
TCGA.FS.A1ZB.06A	0	0	0	0.0118778507521126	0.0525980933507309	0.289039172008308	0.449881028630307	0.128359372445028	0	0.0682444828135142	0	0	0.442250983677669	0.9187832230364
TCGA.BF.A5ES.01A	0	0.0567895375779988	0	0.0639673748286603	0.0440222495698086	0.127339735352914	0.384748127372043	0.00589376514521311	0	0.317239210153362	0	0	0.360829781868104	0.95753060712871
TCGA.GN.A4U3.06A	0	0.016502561183739	0	0.106657789607232	0	0.0345374351162617	0.33087807909238	0	0	0.511424135000387	0	0	0.578881934440418	0.824442553404468
TCGA.EB.A44R.06A	0	0.0258539789701837	0.213679584409776	0.0805115465794268	0.0242696317205151	0.0769070311236995	0.19577465213049	0	0	0.383003575065909	0	0	0.510210216713031	0.863128400196019
TCGA.WE.A8ZQ.06A	0	0.185204935575495	0	0.174598309881379	0.0601252447957797	0.056907789506349	0.469390925130346	0.0408682674457047	0	0.0129045276649465	0	0	0.0889522528725513	1.11972114897539
TCGA.W3.AA1W.06A	0.0184446460296289	0.0140003782441364	0.326227809455952	0	0.0282076676250602	0.18486544824431	0.0778907082843082	0.093398738070103	0	0.216103998066102	0.0408606059803996	0	0.551159013579063	0.837192818625468
TCGA.GN.A8LK.06A	0	0	0	0.227334071227068	0.0329748672343808	0.000267953544933166	0.694789926484899	0.0338094301723407	0	0.010823751336378	0	0	0.268789306328928	1.12174425815864
TCGA.ER.A19T.01A	0	0.0333622383678937	0	0.225988136247262	0.0377149857766987	0.013106254583724	0.601968419081574	0.0785878974180706	0	0.00927206852477703	0	0	0.203188613439357	1.12199023590775
TCGA.EE.A29R.06A	0	0.123061092104955	0.00924671531427897	0.0800644351861416	0.0345383431359557	0.0756025376234091	0.455937800152179	0.00708768665655607	0	0.214461389826524	0	0	0.133411833092992	1.08575513648143
TCGA.EE.A3JD.06A	0.158062580152464	0.21830325353417	0.0904151212850345	0	0.0130492246623405	0.0754211671811479	0.132070596323026	0	0.0870662493785396	0.225611807483278	0	0	0.559256007215461	0.835182864197075
TCGA.D3.A2JO.06A	0	0	0.204389109393494	0	0.0197029661848808	0.183441187852092	0.288515039479821	0.0499704165084601	0	0.253981280581253	0	0	0.380213194014855	0.941607039716606
TCGA.ER.A19F.06A	0	0.0672270128457211	0	0.065683395853933	0.0225813198878917	0.0772762607246155	0.488743825472203	0.037550193648572	0	0.240937991567063	0	0	0.400402558644195	0.945062557503809
TCGA.D3.A2JK.06A	0	0.060132657537343	0	0.00352812604403589	0.0391755132306129	0.107341508648666	0.307254986367618	0.0355051805896838	0	0.44706202758204	0	0	0.431459808025616	0.922678522286245
TCGA.D3.A3C8.06A	0.0318073068281871	0.0167957269496662	0.582791287790793	0	0.0399608706103846	0.126367616163977	0.0392564384646087	0	0	0.130402064378073	0.0326186888143112	0	0.572704524718577	0.820013451891525
TCGA.EE.A2ML.06A	0	0.135897404176631	0.176130113466951	0.0624781069326523	0.0552702699697625	0.083152350872439	0.0724973623261564	0.0120569513874306	0	0.368741954730936	0.0337754861370413	0	0.386548508409708	0.932081052166582
TCGA.ER.A2NH.06A	0	0	0.36555244601841	0	0.0171509236158594	0.149109592752716	0.0737019365277865	0.0511581197297253	0	0.305581590802962	0.037745390552541	0	0.538546309659515	0.842224369122418
TCGA.OD.A75X.06A	0	0.0131064027979586	0.0207810391046129	0.0300566337214977	0.0201213960633315	0.090122831756509	0.506529924823684	0.131684950128185	0	0.187596821604221	0	0	0.415486496052603	0.939565520476936
TCGA.EE.A2M5.06A	0	0	0.0952481199367215	0.0607920659921336	0.0076007674699472	0.0975335501869411	0.497092308495412	0.111640677290522	0	0.130092510628322	0	0	0.365734564457854	0.977353285171596
TCGA.BF.A3DM.01A	0	0.0564803460981354	0	0.170722816058108	0.0215844452720738	0.109036270191961	0.590920136946333	0.0411171847293208	0	0.0101388007040678	0	0	0.195276237232235	1.10724329791437
TCGA.EE.A3JA.06A	0	0.103584616186583	0.0495383090551156	0.0700054830140121	0.0322663297154217	0.118370782301455	0.184516474876291	0	0	0.441718004851122	0	0	0.567680708690028	0.822889948354407
TCGA.EE.A3AA.06A	0.161178009846005	0.0968314464989437	0.0430268846651188	0.0180388059895164	0.00932960296356294	0.0816950921449876	0.276423026559519	0.0448777015770179	0	0.268599429755329	0	0	0.592916863739064	0.811027846818653
TCGA.D3.A8GN.06A	0	0	0.147421246055598	0	0.014053573956956	0.0826148145814463	0.077943713509135	0.0695357602712142	0	0.566230045917752	0.0422008457078987	0	0.585921912268587	0.8172294530295
TCGA.DA.A1HY.06A	0	0.0736374536773715	0.0107071072736489	0.0210260835014516	0.010150325042731	0.136571685803009	0.304282595326482	0.00715480120919696	0	0.436469948166109	0	0	0.135079289969194	1.09511470895908
TCGA.FS.A1ZF.06A	0	0.108269432634001	0.00138320571402432	0.114267698027639	0.0501115292681323	0.0387957928599797	0.671165026843396	0	0	0.0160073146528277	0	0	0.381190437481797	1.01421119544525
TCGA.D3.A8GM.06A	0.0137812562344438	0.0443237527964483	0.0524877277402796	0	0.00225894242199451	0.123396633692979	0.394024001252307	0.0624427073159736	0	0.307284978545574	0	0	0.485835993097839	0.883515673008283
TCGA.GF.A769.01A	0	0.0777163530685084	0	0.0773262316464226	0.0261551319842526	0.0925960678748746	0.60838209696748	0.0876317620538421	0	0.0301923564046197	0	0	0.210761700201477	1.10044914947872
TCGA.EE.A2A0.06A	0	0.0980257041263861	0.0235366282387551	0.0306518560760955	0.00529025102152545	0.151020683049134	0.125419139284628	0.00447753244816386	0	0.561578205755312	0	0	0.58386994370186	0.817138485386441
TCGA.EB.A299.01A	0	0.168706794569048	0.0927575370143759	0	0.110695653723278	0.266095539171288	0.215417830599002	0	0	0.086939335841728	0.0593873090812801	0	0.129112848689529	1.04454376680806
TCGA.D3.A3CC.06A	0	0.0096022695572616	0	0.122990203088526	0.0183434347462114	0.0588119772291141	0.308096759907076	0.0163213168110298	0	0.465834038660781	0	0	0.47652180769482	0.895128846912911
TCGA.EB.A57M.01A	0	0.0950228468414617	0.0374429234810418	0	0.0525089204128711	0.105831829468846	0.0956589867859335	0.0681880637696283	0	0.540434805290495	0.00491162394972211	0	0.477477028576526	0.898840978370121
TCGA.EE.A2A6.06A	0.0632137039940002	0.00788930191744528	0.154336527951977	0.0635634113602405	0.0209735978051747	0.0853161144559029	0.24251743104257	0.0562186629952324	0	0.303591732145351	0.00237951633210545	0	0.528473360741523	0.850200272130839
TCGA.EB.A3HV.01A	0	0.15398170413782	0	0	0.0867237028715143	0.205232905433178	0.253588001788985	0.0806378197151546	0	0.219835866053349	0	0	0.170465479927617	1.02557639621512
TCGA.D9.A6EC.06A	0	0.0280661373619196	0.0606547262976494	0	0.0392338191246496	0.139111731175005	0.502097361012761	0.0986986053825384	0	0.132137619645477	0	0	0.17299623354338	1.08279383264933
TCGA.D9.A6EA.06A	0	0	0	0.0754600915971764	0.0192554342249456	0.045643580435555	0.398481760313506	0.219385896942548	0	0.24177323648627	0	0	0.25846549937508	1.01363632105009
TCGA.FS.A1YX.06A	0	0.0627868811302846	0.0289858277289801	0.0148928572401082	0.054553810635275	0.218804945735029	0.395159173317	0.115450035711147	0	0.109366468502176	0	0	0.250603712601697	1.00784221396352
TCGA.EE.A2GS.06A	0	0.15189529625325	0	0.0358028216668268	0.062461358203296	0.0961312814227661	0.44848557656178	0	0	0.205223665892081	0	0	0.42541505736877	0.920522169508027
TCGA.D3.A2JF.06A	0.0529575323171019	0.0258203290590021	0.150257940296564	0	0.0355175634974836	0.0941630531989272	0.127407538097824	0.0496999416624971	0	0.433072286562314	0.0311038153082866	0	0.38640908787217	0.94342055639422
TCGA.FS.A1ZK.06A	0	0.155121179949477	0	0.108039041523777	0.0317418057104196	0.0109350801273818	0.556580267037024	0.0688012328298955	0	0.0687813928220242	0	0	0.29826756877309	1.02913250449923
TCGA.DA.A960.01A	0	0.139377388016944	0	0.1348372336251	0.0583347940892114	0	0.518439332267347	0	0	0.149011252001398	0	0	0.209744083417244	1.06900197790609
TCGA.FS.A1ZE.06A	0	0.147052570232339	0	0.211431759910806	0.0625767567037142	0.0347904654105461	0.480791590692813	0	0	0.0633568570497821	0	0	0.108912034648566	1.11219947009025
TCGA.WE.AAA0.06A	0.100319125348125	0.215072513905624	0.124732932897599	0	0.0302436956472738	0.0690575768048104	0.265192326226805	0	0	0.195381829169763	0	0	0.348957945677166	0.944802866794945
TCGA.FR.A8YD.06A	0	0.0463337423021203	0	0.0143696286472197	0.0325452059870314	0.067662153291845	0.337554587031881	0.0847726903141481	0	0.416761992425754	0	0	0.413661717415407	0.93249861660214
TCGA.BF.AAP2.01A	0	0.167370424842154	0	0.137727176149374	0.0367418189602919	0.0519926758570483	0.391665263951574	0	0	0.214502640239558	0	0	0.333184862469023	0.964905276697728
TCGA.EE.A29A.06A	0	0.209943213910319	0.0360394024347391	0.0186269992304436	0.0239480710444279	0.0819470507526685	0.529962627385311	0.0457889669769478	0	0.0537436682651428	0	0	0.0576429552477452	1.15478781382931
TCGA.ER.A19K.01A	0	0.0582082813490725	0.0553276401576558	0.0600494637170239	0.0543351439683731	0.115999898015581	0.538055444448978	0.0762296172272016	0	0.041794511116114	0	0	0.38305955827361	0.971688745352121
TCGA.EE.A29L.06A	0	0.0303486679390693	0.0069553492515365	0.0573566836873491	0.00250609065641085	0	0.652609153578811	0.0862376812958328	0	0.163986373590991	0	0	0.442866775364548	0.963819727454053
TCGA.D3.A1Q7.06A	0	0.03136358295164	0.297285852303404	0	0.0400513803080875	0.116518180314056	0.108697630602115	0.0771607379357345	0	0.314056518030577	0.0148661175543866	0	0.449788143507516	0.895856186435445
TCGA.EE.A3AD.06A	0	0.144762587455212	0	0.0626941632164413	0.0832574576762203	0.0549707933771578	0.474152839100379	0.0175192436507618	0	0.162642915523827	0	0	0.103389697034157	1.10420118242498
TCGA.EE.A3JH.06A	0.0176805679149383	0.0423574316924569	0.188148620014469	0	0.0453631406358813	0.121179107824412	0.0341713770287038	0.0641704777110119	0	0.438767284859031	0.0481619923190952	0	0.595832821674305	0.802476478394512
TCGA.EB.A3XB.01A	0	0.037019908769275	0	0	0.0187302085182626	0.0761898493755718	0.285636436308564	0.181619203588043	0	0.400804393440284	0	0	0.423693574726191	0.91782571887841
TCGA.D3.A2JE.06A	0	0.0352467711701481	0.0121380343103499	0.0482109917147203	0.00717411952116724	0.00712242050364697	0.531040614913425	0.0681975300285521	0	0.29086951783799	0	0	0.450819341542904	0.928911752650345
TCGA.EE.A29D.06A	0	0.116687633726887	0	0.0700900183302925	0.0349300539142087	0.0254582490236489	0.402333609886245	0.118892984928322	0	0.231607450190396	0	0	0.30317335090284	0.986675901012569
TCGA.EB.A5UM.01A	0	0.0931204884451014	0.0767298682849758	0	0.0364756041303425	0.0333647396687374	0.125469596406279	0.0419872477842146	0	0.578703207706565	0.0141492475737834	0	0.657840398131683	0.754655916389942
TCGA.D9.A1JW.06A	0	0.0846558933159435	0.214899339466621	0	0.0348506420105724	0.0924842328688847	0.0892255041236801	0.0693792964463826	0	0.406845289296419	0.00765980247149665	0	0.576231393734646	0.816681881158287
TCGA.D3.A1Q5.06A	0	0.039501582707511	0	0.234282731520585	0.0299276372213615	0	0.210489157912158	0.146134636097592	0	0.317184155325122	0.0224800992156693	0	0.230829562219263	1.01751483969542
TCGA.BF.A5EO.01A	0	0.119614831596497	0	0	0	0.0989094194757272	0.256591949841866	0	0	0.524883799085911	0	0	0.546142608111159	0.846043623577852
TCGA.D3.A3CF.06A	0.117498596571441	0.12811726238467	0.150088584506904	0	0.00219573334345954	0.0785232571752084	0.135384831437629	0.0251520948448918	0	0.354814608219546	0.00822503151625082	0	0.554232942145228	0.831896168976032
TCGA.D3.A5GU.06A	0	0.107797557827715	0.0855570093576799	0.116654655694005	0.0308306813456578	0.0988438135331402	0.295535292253713	0	0	0.26478098998809	0	0	0.371992743524001	0.938954967948697
TCGA.XV.AB01.06A	0	0.0713508829480938	0.081771753504634	0	0.0817267090280792	0.0707645010742361	0.0569067439009303	0.0128021058873093	0	0.611459416726914	0.0132178869298036	0	0.566002964781097	0.846635221607487
TCGA.ER.A19B.06A	0	0.0113978541924533	0.0370289787525104	0.0290856135465054	0.0134748814722648	0.0457521788580156	0.364178096453254	0.176862210286531	0	0.322220186438466	0	0	0.196646639392345	1.05276452074984
TCGA.D3.A5GO.06A	0	0.0925032955721495	0.192174726264247	0	0.0216587341115413	0.141760970491565	0.281342593559186	0.14421081264521	0	0.126348867356101	0	0	0.16135731768806	1.04402182981395
TCGA.GN.A8LN.01A	0	0.066875321157183	0.0448840490944446	0	0.0131899738427719	0.139687871710432	0.272360056895905	0	0	0.463002727299263	0	0	0.442968558543382	0.914735174524425
TCGA.YG.AA3O.06A	0	0.0358698865857087	0.0605936906902557	0.0719029458449289	0.0276714748195641	0.0625183087073994	0.34395137674111	0.0600954391455417	0	0.337396877465491	0	0	0.46446833508406	0.8947205917021
TCGA.EE.A2MM.06A	0	0.0269088026547189	0	0.0494614323914092	0.0221898401707975	0.0488643758105561	0.50336747530811	0.0688341725871835	0	0.280373901077225	0	0	0.427397770196038	0.935380763063139
TCGA.QB.A6FS.06A	0.0258526645294968	0.0550302498896549	0.166321095052441	0	0.0511037269181467	0.0994687285746566	0.144542056728316	0.0836677372317043	0	0.374013741075583	0	0	0.591909959428609	0.80751106912425
TCGA.YD.A9TA.06A	0	0	0.0267281568296341	0	0.0244062479560598	0.185894626448714	0.387070669301812	0.0736722956466006	0	0.302228003817179	0	0	0.503998924305076	0.87371591054606
TCGA.D3.A51F.06A	0.0181015644353154	0.069194905328416	0.461229185524005	0	0.0257326136573013	0.169878762541113	0	0	0.0393180624343515	0.168010701193624	0.0485342048858746	0	0.475234902373549	0.880030203849647
TCGA.EB.A4OY.01A	0	0.0390020516344836	0.0950790286850837	0	0.031555968704855	0.0506071686727958	0.138257118770675	0.0992056211290174	0	0.546293042403089	0	0	0.397405459473473	0.960139896106691
TCGA.ER.A2NC.06A	0	0.0309965204807963	0	0.0871030265389395	0.0471931518182275	0.239172420391078	0.341237095947173	0	0	0.254297784823786	0	0	0.424513732724267	0.915801478995002
TCGA.FS.A1ZQ.06A	0	0.108846352171975	0	0.0383157735368538	0.0430992772374695	0.0727513595313545	0.275245281069305	0	0	0.461741956453042	0	0	0.521050634626225	0.859930327383829
TCGA.ER.A42K.06A	0	0.162797976350666	0.0219063859412926	0.00914223599830122	0.0454389756444997	0.0710869043153025	0.384689336460523	0.0548192397542522	0	0.250118945535163	0	0	0.106784021852729	1.08262245045847
TCGA.WE.A8K4.01A	0	0.0451287426489012	0.383975615989814	0.0806816705510696	0.0291264115002999	0.110888664930598	0.232422930252114	0	0	0.117775964127203	0	0	0.342022316291024	0.972002029834551
TCGA.ER.A42L.06A	0	0.140482054868899	0.289554293645653	0	0.024615918425374	0.181763213546383	0.000271382006538427	0.0636157187397196	0	0.294337402257109	0.00536001651032373	0	0.290466155589812	0.975147249020866
TCGA.EE.A2A1.06A	0.100478228763662	0.10813615499002	0.156567675367354	0	0.0331973168402706	0.140205003068957	0.0672436832827496	0.0567211235896965	0	0.326716430830615	0.0107343832666751	0	0.598195024407826	0.806875771622497
TCGA.EE.A29T.06A	0	0.0773833628140084	0.139556514102784	0	0.0210214456352722	0.146917567899483	0.0834925154289793	0	0	0.531628594119473	0	0	0.613312264121392	0.790405823296745
TCGA.EE.A2GI.06A	0.0240362285851877	0.0416954009308226	0.183313090067928	0	0.0216638443480839	0.0982754215811682	0.251470788894572	0	0	0.379545225592237	0	0	0.527493156263749	0.853283344248618
TCGA.ER.A1A1.06A	0.254187882165706	0.166049337998695	0.0899184750717471	0	0.0341840256171809	0.0367085049492188	0.121431720524456	0	0	0.252268138243834	0.0452519154291612	0	0.62209459771712	0.788269855343595
TCGA.D3.A8GS.06A	0	0.0444781384860556	0.1935917887672	0	0.0130590112989024	0.0961220333035722	0.13787395384659	0.103956547879215	0	0.400017077065344	0.0109014493531214	0	0.54198089069332	0.839870213015379
TCGA.ER.A198.06A	0	0.0713656124040801	0	0	0.0508536370723219	0.153530927751323	0.569838990136279	0	0	0.154410832635996	0	0	0.567036282625863	0.847906229954559
TCGA.DA.A3F5.06A	0	0.0203349966522857	0	0.0974320123410056	0.00827293544923174	0.103165028874654	0.592935351724385	0.082646610447866	0	0.0952130645105715	0	0	0.32120949993997	1.02251500137141
TCGA.FS.A1ZH.06A	0	0.15768777327354	0.171757969093499	0	0.0299132809837708	0.107802447671772	0.104918406389217	0.00279979626619585	0	0.425120326322006	0	0	0.57985758999025	0.814142701393827
TCGA.3N.A9WB.06A	0	0.0880300823200936	0	0.157483022767795	0.0214989261517069	0.0112521993036872	0.62998646984909	0	0	0.0917492996076272	0	0	0.36930761085335	1.00780413573491
TCGA.D3.A5GR.06A	0.059699268019025	0.150488572335066	0	0	0	0.0844655937145781	0.187231496423373	0	0.0204866937563564	0.497628375751601	0	0	0.578016763361913	0.817571418777967
TCGA.XV.A9W5.01A	0	0.0129333488590578	0.169415146941631	0	0.0470424215692991	0.0672998783110897	0.373442477709494	0.270272084542358	0	0.0595946420670703	0	0	0.0818782697438714	1.12037584658466
TCGA.YD.A89C.06A	0	0.0392915527207196	0	0.0829910363911551	0.015109491089345	0.0561158751299702	0.602895188466172	0.0905948559603537	0	0.113002000242284	0	0	0.258319094542625	1.06855112626986
TCGA.D3.A8GV.06A	0	0	0.0708577384407767	0	0.0148332638021455	0.0416725923826099	0.580071445449697	0.193569051289342	0	0.0989959086354283	0	0	0.330919691489552	1.02698987893323
TCGA.D3.A2JP.06A	0	0.137980242866763	0.16827950629667	0	0.0425034551244955	0.0914710483344685	0.167703114745711	0	0.0311309793562749	0.360931653275617	0	0	0.299323020610686	0.981180730426664
TCGA.EE.A2MD.06A	0.00786037908173492	0.0940935437888881	0	0.0657801008853516	0	0.0614308756438675	0.306407134458467	0.0472854293215573	0	0.417142536820133	0	0	0.590359757736642	0.807576327203928
TCGA.D3.A2J8.06A	0.00807075900377193	0	0.177665007909663	0	0.0254815969498844	0.155097721946321	0.257968082077281	0.129941865026978	0	0.245774967086102	0	0	0.470204312250027	0.886006298529131
TCGA.EB.A550.01A	0	0.108879392631237	0	0.13388721590441	0.0425213490394373	0.111282771632545	0.226427972136191	0	0	0.344303422080481	0.0326978765756985	0	0.19757786304281	1.02714060667167
TCGA.D9.A4Z6.06A	0	0.00510503213210459	0	0.121618425612961	0.0845983520581548	0.0312151834082509	0.576630069813797	0.0637170731294641	0	0.117115863845268	0	0	0.210340787960207	1.09118925199488
TCGA.HR.A2OG.06A	0	0	0.0478069484192771	0.00103534353071362	0.0144502210325542	0.155096895978504	0.0877998249717665	0.0436624580663742	0	0.597863352918386	0.052284955082424	0	0.359228878977289	1.00168309431217
TCGA.GF.A2C7.01A	0	0.0269750950848686	0	0.173395064623831	0.0645340516450568	0.0165469122903995	0.585990125756858	0.0950721549754812	0	0.0374865956235055	0	0	0.219307238181321	1.09703498751013
TCGA.D3.A2JD.06A	0.131497714304515	0.128674591237668	0.114893390121855	0	0.0180150913206694	0.0366271452467228	0.12885887537364	0.0212283803565842	0	0.420204812038345	0	0	0.668656574369996	0.746159540047713
TCGA.D9.A4Z2.01A	0	0.086501117219529	0	0.138528480344427	0.0202719446904263	0.0928625345143837	0.458518018582047	0	0	0.203317904649187	0	0	0.244367786565951	1.02645265440291
TCGA.DA.A95X.06A	0	0.0185850853265037	0	0.125832622036234	0.0326129198691881	0.157648833601208	0.408565788693645	0.0271251339317701	0	0.229629616541452	0	0	0.25490716902047	1.01102812645603
TCGA.FS.A4F4.06A	0	0.129451103991039	0.113932255296805	0	0.0501075159957612	0.189653477775059	0.279899544553135	0.0618961385302723	0	0.175059963857928	0	0	0.324630608612591	0.958072503648778
TCGA.WE.A8ZM.06A	0	0.0323225099462318	0	0.399288176743155	0.102116853601393	0.0313349890768868	0.259175754697276	0	0	0.08644328120107	0.0893184347339874	0	0.0886910124702196	1.07909073098078
TCGA.D3.A3BZ.06A	0	0.0257499671825086	0.146620022570271	0.0221543181209692	0.0438849221825431	0.143008513912057	0.209039244223573	0.0267639383002529	0	0.338258299845919	0.0445207736619063	0	0.520842279893386	0.855291544576474
TCGA.EE.A3JB.06A	0	0.0906147210045556	0.0555007486424469	0	0.0268021865156906	0.198652012321444	0.474455583863962	0.0476124062336608	0	0.10636234141824	0	0	0.400053177241008	0.943151796740421
TCGA.GN.A262.06A	0	0	0	0.291036335004411	0.0381244562221862	0	0.662563610030008	0.00827559874339442	0	0	0	0	0.162435920136648	1.18402158335018
TCGA.FR.A69P.06A	0	0	0	0.103856495923711	0.0377139982397281	0.0872430745680173	0.542775483033512	0.118659249946827	0	0.109751698288205	0	0	0.314053503691623	1.0111605934899
TCGA.WE.A8ZR.06A	0	0.0676954642207609	0	0.166942950770663	0.0180857211984253	0.0386076693227675	0.320333850631141	0	0	0.388334343856242	0	0	0.545968064141608	0.839451603717371
TCGA.EB.A5SF.01A	0	0.187413884613374	0	0.0777987150584166	0.150947966238966	0.138582506331998	0.260960628740342	0	0.025854709237767	0.158441589779136	0	0	0.0665375192528367	1.07399065450639
TCGA.D3.A1Q9.06A	0	0.033849042533863	0.173497728583557	0	0.0121617418032069	0.074509189767586	0.197061644253867	0.160960920594212	0	0.347959732463708	0	0	0.471266103763696	0.884359773844689
TCGA.FW.A3I3.06A	0	0.130132611116633	0.0258371323839045	0.0646497182248349	0.0161783087324548	0.0401064461917253	0.375545106184124	0.0348264822385781	0	0.312724194927745	0	0	0.296197882777168	0.994385546708475
TCGA.D3.A2JB.06A	0.163013603586403	0.138391741323825	0.153123192376186	0	0.0176771310194934	0.0337527053689171	0.128112569833055	0.033606803697503	0	0.332322252794617	0	0	0.601570975829519	0.800384390629073
TCGA.EE.A2M6.06A	0	0.0262868893881144	0.0484268448836567	0	0.0260609233884839	0.133575233862932	0.495068705186825	0.0736771990591365	0	0.196904204230851	0	0	0.431056447044529	0.929555774997999
TCGA.BF.AAP7.01A	0	0.0158194061770582	0.215634380021766	0	0.05277097698781	0.157035018237402	0.0904297474637238	0.069747905039002	0	0.362507505684239	0.0360550603889991	0	0.581036922977557	0.815328981247568
TCGA.D3.A3MR.06A	0.0371806426555594	0.00771162542611101	0.251108948503141	0	0	0.0790175917475741	0.0929199412618291	0	0	0.489933006867968	0.0421282435378179	0	0.586378775076918	0.811619645898132
TCGA.EE.A2GT.06A	0.139922271309814	0.287926369739405	0.0597430865532973	0	0.0595788380757625	0.0606609225527744	0.110495365782791	0	0	0.281673145986157	0	0	0.543790292772867	0.840538037345074
TCGA.EE.A2GP.06A	0	0.119342060538642	0	0.0893080735025442	0.0417975180503325	0.208009998534182	0.391235466059144	0	0	0.150306883315155	0	0	0.355454173897749	0.950813262969753
TCGA.D9.A1X3.06A	0	0.00456851185515012	0	0.16424532938097	0.0111046420465539	0.0295396030355836	0.338363480831697	0.0531048823158248	0	0.39907355053422	0	0	0.272554009108511	1.02040122855446
TCGA.WE.A8K1.06A	0.0012914988287622	0.0465785270316097	0.209946620145456	0	0.0314989296197001	0.0869436759268543	0.274920166569481	0.0577786135936759	0	0.249527830495988	0.0415141377884726	0	0.459915606078053	0.89333121731854
TCGA.ER.A193.06A	0	0.0678834205993619	0.190826136096607	0	0.0502272993315868	0.191778672610382	0.240683290835593	0.0645055824099323	0	0.194095598116537	0	0	0.350974252481577	0.947345442244433
TCGA.D3.A2JH.06A	0	0.0218978932298931	0.476113234622524	0	0.0426905238280351	0.102896926973998	0.172488610294475	0.0394878246266387	0	0.144424986424436	0	0	0.504948791063324	0.869680066681598
TCGA.EE.A2GN.06A	0	0.0534189256472712	0	0.114764559744433	0.0428085719700019	0.0619306422436655	0.26156231536035	0.00573744559858008	0	0.459777539435698	0	0	0.412148148597554	0.934292922839199
TCGA.EE.A2GO.06A	0	0.16790917830127	0.0509081752619053	0.0235134620355029	0.0450167114278006	0.0790470363117975	0.472886965551119	0.0876941750291756	0	0.0730242960814286	0	0	0.0684976129536617	1.1270829455429
TCGA.D3.A51E.06A	0	0.0206704297552456	0.161117996871436	0	0.0109868617534828	0.161544641325414	0.251633534883982	0.0601929686247812	0	0.333853566785657	0	0	0.325949450264973	0.970123103868665
TCGA.EB.A44P.01A	0	0.0888986862596277	0.145955941568298	0	0.0467010860837754	0.0543714802219608	0.26805890788469	0.0614828662726703	0	0.334531031708978	0	0	0.294472982387201	0.990408263362455
TCGA.GN.A263.01A	0	0.055848695191005	0.0369582803224871	0	0.0372595451038942	0.132117510371725	0.414447450007028	0.153171591384375	0	0.170196927619485	0	0	0.274570708621836	0.999969236020446
TCGA.HR.A5NC.01A	0	0.0967808941519914	0	0.132980972760529	0.0984536123294845	0.238357651455065	0.339444310396893	0.0939825589060367	0	0	0	0	0.124032221875614	1.06290395146761
TCGA.FR.A7U9.06A	0	0.00366125727708098	0.068346070946828	0	0.0188996722531163	0.15439619236457	0.390782811801093	0.135087983705235	0	0.228826011652076	0	0	0.437354360090719	0.911639076412736
TCGA.XV.A9VZ.01A	0	0.314059685377702	0	0.263732333337758	0.0901975721277391	0	0.3320104091568	0	0	0	0	0	0.222944631799463	1.02562469177625
TCGA.EE.A2MN.06A	0	0	0.0438191424052627	0.16712660712363	0.0435119206634228	0.147288238020786	0.136569756111741	0	0.0119806986333456	0.379132698457004	0.0705709385848077	0	0.541303418798598	0.8403373268832
TCGA.BF.A1PX.01A	0	0	0.151573436789508	0	0.0500678149320727	0.124377020334231	0.189769830402943	0.137494687662564	0	0.344458167166604	0.00225904271207835	0	0.547673338315735	0.837884862205327
TCGA.WE.AA9Y.06A	0.0019629593741785	0.12258981851105	0.0594378454431881	0	0.020653603371038	0.0740275676846588	0.108544564684934	0.0176801110568778	0	0.595103529874075	0	0	0.609142436494057	0.800493811333491
TCGA.D3.A3CE.06A	0	0.0996634535308475	0.134576906037748	0.0245830847429413	0.0337788192164448	0.080988436706096	0.15207445423038	0	0	0.474334845535542	0	0	0.570976511140615	0.821540439457256
TCGA.D9.A6EG.06A	0	0.156399340198698	0	0.116505109751949	0.0361183342313596	0.0436659039781307	0.646524837684238	0	0	0.00078647415562528	0	0	0.136489490496204	1.17015091449927
TCGA.WE.AAA4.06A	0	0.0134390005114351	0.229487201381091	0	0.0268952599480852	0.311588799739441	0.0990132877477085	0.112900446373574	0	0.206676004298665	0	0	0.587015791156238	0.81836011746855
TCGA.EB.A85I.01A	0	0.00519352779107093	0.289361028037832	0	0.0225844031150043	0.104187998091168	0.263830133215849	0.0448389187428925	0	0.238504509558704	0.0314994814474792	0	0.391958616573675	0.937746103933285
TCGA.BF.AAOX.01A	0	0	0	0.20298127087295	0.0350479451272891	0.0329465696665752	0.527409057636421	0.0129371212307525	0	0.188678035466012	0	0	0.289499265485211	1.02814098674503
TCGA.ER.A2NF.06A	0	0.0529055747757646	0.0636633308752164	0.0624038614792925	0.0203086329600052	0.0502485432690632	0.0785191298170923	0	0	0.649929486276565	0.0220214405470005	0	0.636750574164726	0.784885980912263
TCGA.FS.A1ZU.06A	0	0	0	0.122530376642604	0.058264327891722	0.115160082659292	0.587851976068148	0.0971107617762065	0	0.0190824749620283	0	0	0.25632894477211	1.06631657845198
TCGA.EE.A20H.06A	0	0.0637000469659247	0	0.141051867721263	0.0270934924655715	0.0142336182901412	0.726585795794501	0	0	0.027335178762599	0	0	0.398706011627244	1.02820510426599
TCGA.FR.A3YO.06A	0	0.0576979004621036	0.058063335488405	0	0.0185464465800709	0.216686730308465	0.38933112988612	0.0710226631782996	0	0.188651794096536	0	0	0.346034974992254	0.960733935856956
TCGA.FR.A729.06A	0.047503587791887	0.057085571233401	0.157434436156997	0	0.0209421410609447	0.121057074420503	0.163647660364802	0	0	0.369402942506015	0.0629265864654501	0	0.614303479221054	0.793299825769849
TCGA.ER.A19P.06A	0.11765659652063	0.0988305278008905	0.230535651340176	0	0.017823993000078	0.125443704422075	0.030350147155117	0	0	0.299481409215122	0.0798779705459114	0	0.586704737234219	0.814883323556135
TCGA.EB.A24C.01A	0	0.147967566595149	0	0.0779663961763119	0.0517085572375093	0.0767159412483479	0.278733528569814	0	0	0.366908010172868	0	0	0.211966808936103	1.03152634190661
TCGA.D3.A8GE.06A	0	0.119586678025036	0.00872394607089061	0.179581037139767	0.0657037181803273	0.172973915026785	0	0	0.148679349510664	0.24001898887545	0.0647323671710801	0	0.351106831405754	0.941396925145436
TCGA.FS.A4F5.06A	0	0.0207532551485634	0.0148053438147175	0.0300997890184856	0.0419594717132447	0.173718923765821	0.42354088731112	0.188495389991354	0	0.106626939236694	0	0	0.115431923226778	1.08029777561439
TCGA.EE.A2GM.06B	0	0.0725687408443447	0.16065379979524	0	0.0766778641996443	0.0661793813332352	0.364774224392579	0.136708489381412	0	0.122437500053544	0	0	0.210404050988692	1.03917697765178
TCGA.FW.A5DX.01A	0	0.085245442516914	0.0402548628417592	0.00706459096367907	0.0338522245482056	0.0107709006063287	0.5146763854986	0.109746333148649	0	0.198389259875864	0	0	0.299766656726188	1.01978578166313
TCGA.WE.A8ZO.06A	0	0.0782027971381351	0.229320166010881	0	0.0104768455117056	0.181872348483202	0.193605794680826	0.0512352172301026	0	0.255286830945147	0	0	0.337028344077147	0.954010836039205
TCGA.FS.A4FC.06A	0	0.0851238371371036	0.0581800604694477	0.0350536372353268	0.0437196258278138	0.135708213634638	0.269671967073397	0.0615117668668585	0	0.311030891755414	0	0	0.233672989555533	1.00992371344475
TCGA.EE.A20F.06A	0	0.0585143737657134	0.168153947259855	0	0.0206760552875622	0.1272790426895	0.283250487027971	0.0323289532263176	0	0.30979714074308	0	0	0.471817709677308	0.887080187037817
TCGA.FS.A1ZJ.06A	0	0.0182833672532867	0.046450151466504	0.0673417937131417	0.0305851060196874	0.0411433151842146	0.526311271333556	0.0811262890405034	0	0.188758705989106	0	0	0.440668521224303	0.931482816671519
TCGA.EE.A182.06A	0	0.0337252243525632	0.032889709525714	0	0.0326541544338874	0.107427711672208	0.202314526332559	0.0836621587860377	0	0.50732651489703	0	0	0.525460745662963	0.858941644897558
TCGA.ER.A19T.06A	0	0	0	0.162265202237054	0.0511136022594578	0.174937948792351	0.463552004632848	0.0871606294922108	0	0.0609706125860776	0	0	0.212869303232292	1.0454351036118
TCGA.EB.A5FP.01A	0	0.073151805782801	0	0.103942488767158	0.0269942040236406	0.0261500880109406	0.72089277438875	0.017698654566224	0	0.031169984460486	0	0	0.402442007074914	1.02013551281683
TCGA.D3.A51J.06A	0.014520971538539	0.0207188413668017	0.291824147448168	0	0.022562706800722	0.111645607825377	0.127085565861763	0.0427089178665227	0	0.303128403612164	0.0658048376799429	0	0.501325903878084	0.865292134327199
TCGA.EB.A44N.01A	0	0.132051827434563	0.0212709217681346	0	0.0298728394973441	0.037154951730155	0.226907782282741	0.044200765016725	0	0.508540912270338	0	0	0.570290537336169	0.825163781706376
TCGA.FW.A3TV.06A	0.0426493603597784	0.161499246750931	0.10913198801194	0	0.0191807107589166	0.0895130782399604	0.118437055103258	0	0	0.459588560775216	0	0	0.528369420615972	0.850884215734118
TCGA.XV.AAZV.01A	0	0.0142054161755498	0.224533619930897	0	0.0581923396992535	0.2303955867893	0.110535988090192	0.177078820183142	0	0.0697033393191897	0.115354889812477	0	0.195339213926166	1.01398889324168
TCGA.ER.A3EV.06A	0	0.0088434682318942	0.0768481967679732	0.0668850063217283	0.0209976224292039	0.0617810950040294	0.33324449109208	0.0126388139741866	0	0.418761306178904	0	0	0.484384575464231	0.889195731830814
TCGA.D3.A5GT.01A	0	0.00708080083703651	0	0.242062245138956	0.0640136390817244	0	0.43840340843117	0	0	0.248439906511113	0	0	0.140756681512276	1.09715912531677
TCGA.EB.A5SH.06A	0.0152842210068836	0.0954816073950344	0.00438532717288755	0.0750158982486726	0.052905074941942	0.016254970968045	0.230586886157066	0.0552886024320923	0	0.454797411677376	0	0	0.437176890821375	0.916693371299624
TCGA.EB.A42Y.01A	0	0	0	0.207170079300849	0.0352785311587708	0.0725080339376373	0.571113365235252	0.0525569884811889	0	0.0613730018863016	0	0	0.320522855435423	1.02104144650815
TCGA.ER.A19Q.06A	0	0.0582004082582775	0.0840779450962177	0	0.0643894313078579	0.31329200294154	0.305654990838892	0.100243919194013	0	0.0741413023632009	0	0	0.45537567281333	0.899376494948576
TCGA.EB.A85J.01A	0	0.00397702829655747	0.219554078851352	0	0.0374595070076752	0.119971106179209	0.193512559513066	0.0881790099408698	0	0.332950188800835	0.00439652141043463	0	0.504156084173012	0.865419784369409
TCGA.EE.A2MJ.06A	0.145237182397152	0.0646200318190868	0.193374555267276	0	0.0372032963586927	0.101272359146795	0.209842753946298	0.0918821024435348	0	0.152604162620617	0.00396355600054783	0	0.537237375026484	0.848155840019242
TCGA.GN.A264.06A	0	0.0701332742227453	0	0.148343164116687	0.0569409978965645	0.131972550240007	0.375788894999328	0	0	0.216821118524668	0	0	0.211028129608689	1.02480584136556
TCGA.FS.A1ZD.06A	0	0.0773590612771186	0.0529696323239726	0	0.0335891177971641	0.0656965573397342	0.451425147172426	0.202815043484105	0	0.116145440605479	0	0	0.243032001657985	1.03083834652483
TCGA.EB.A1NK.01A	0	0.131565549720357	0.0262048153427526	0.0500401818973992	0.0415204294152407	0.128186367794354	0.372590504774537	0.0690628578034785	0	0.180829293251882	0	0	0.183846937601747	1.03388551240031
TCGA.D3.A8GI.06A	0	0.0797001279037017	0	0.0748292038284199	0.0333041589263454	0.126690917441816	0.426049662834027	0	0	0.25942592906569	0	0	0.310790616153091	0.985664816869782
TCGA.EE.A2M7.06A	0.132613242208189	0.201444941590136	0	0.0645103015181449	0.0404417279252383	0.0385986277436643	0.0232306664439005	0	0	0.459233690008337	0.0399268025623904	0	0.52675713620863	0.859980202669368
TCGA.BF.AAP4.01A	0	0.0189483116269353	0.287430743678342	0	0.0372678801984165	0.0878777516652482	0.254516723493102	0.118930180315045	0	0.195028409022911	0	0	0.480124532995657	0.882237001768562
TCGA.FS.A1Z7.06A	0	0.0976982362849759	0.0187305216496882	0.0414087044541907	0.0334588500532741	0.246432027700851	0.277880353508696	0.0641296140523405	0	0.220261692295984	0	0	0.282550204658116	0.977635826972766
TCGA.D9.A149.06A	0	0.0656085946454841	0.177124363169502	0	0.0415480185768192	0.110684283680811	0.16596864285212	0.113991454007468	0	0.325074643067795	0	0	0.445517953982574	0.897103990645339
TCGA.BF.AAP0.06A	0.118854362519189	0.0815104578537888	0.253626763761491	0	0.0175487997629305	0.0777397199198574	0.0985015885360428	0.00392039171728238	0	0.340327261931672	0.00797065399774611	0	0.600829880949998	0.801058065976954
TCGA.FR.A3YN.06A	0	0.117778515453319	0.0716117727177657	0.0814410967291071	0.0154839995327698	0.0486513551569694	0.069520015109114	0	0	0.576044924938025	0.019468320362931	0	0.60043125020293	0.80674510289103
TCGA.FS.A1ZW.06A	0	0.0732778776652781	0.147987921889688	0	0.00930437598605742	0.0516716497527786	0.136397229236781	0	0	0.581360945469417	0	0	0.5632908942244	0.840034265387884
TCGA.GF.A3OT.06A	0	0.04182902751406	0.087707589156738	0.0577220370590785	0.0212426362822305	0.209504417179812	0.39286798411717	0.0591279430606343	0	0.129998365630276	0	0	0.138148191470125	1.06966506518858
TCGA.EE.A2MT.06A	0	0.0556247199335973	0.06958180967993	0.0198086576594229	0.00562638735165095	0.0292878804939621	0.329963238730042	0.0746917771071811	0	0.415415529044214	0	0	0.496689831459483	0.878570268207861
TCGA.FS.A4F2.06A	0	0.124793370120825	0.0155476239642237	0.00365049701593552	0.0164652162598808	0.229959630200065	0.494890262197318	0	0	0.114693400241752	0	0	0.310996360628823	0.996334385077372
TCGA.DA.A1I7.06A	0	0.126296949977786	0.0770582718427454	0	0.0465725056837896	0.119934841867736	0.230175152868437	0	0	0.399962277759507	0	0	0.422462037867394	0.916804549098954
TCGA.EB.A4P0.01A	0	0.0412522019430036	0.156315755451595	0	0.0579403101568204	0.117954943038759	0.305975792954213	0.0795918946125314	0	0.224179670045248	0.0167894317978292	0	0.19087169346773	1.03659914863805
TCGA.FS.A4F0.06A	0	0.171948466966964	0.00180423813218664	0.053274325065191	0.0492110081919481	0.0165741294958863	0.547339535015932	0.0742437483799637	0	0.0856045487519278	0	0	0.155842719650547	1.10813689599172
TCGA.EE.A29P.06A	0	0.0973438105896565	0.343420615283523	0	0.00998728685320723	0.167066014693348	0.12383281256126	0	0	0.258349460019005	0	0	0.447814961123999	0.895851024266639
TCGA.FS.A1ZR.06A	0	0.0740210353151401	0.0436993988143075	0.0591497933206032	0.0543172658542984	0.0972291457584126	0.39675161262277	0.0882836193697625	0	0.186548128944705	0	0	0.242394403936905	1.01542294559071
TCGA.EE.A2ME.06A	0.124641730078317	0.224159236272964	0.134711051334468	0.0603645320329257	0.02148653171009	0.116381590636937	0.0158882890041048	0	0.050594829851069	0.221588247358653	0.0301839617204713	0	0.540364564601343	0.848634675040865
TCGA.EE.A29M.06A	0.0110961507220046	0.0619904952796792	0.17000852351997	0	0.037498576292021	0.0375416051074908	0.298984844784397	0.131670676997651	0	0.251209127296786	0	0	0.488468693180191	0.876173286506567
TCGA.D3.A2JL.06A	0.00534152411201907	0.0348865812102098	0.144614574483518	0	0.0341737490759144	0.085768404895826	0.235808201863369	0.104033965458673	0	0.35537299890047	0	0	0.478462951708632	0.881683327404978
TCGA.EE.A17X.06A	0	0.0328627069866245	0	0.146464314995524	0.0288514338077875	0.0561454548325607	0.560269301880611	0.039243216479516	0	0.136163571017376	0	0	0.393886884894814	0.965524700857205
TCGA.EE.A17Z.06A	0	0.0978835156475925	0	0.0568129517025699	0.0165512712542204	0.0221485289157087	0.496693796799465	0.10631677807406	0	0.203593157606383	0	0	0.328641692079907	0.991931807100413
TCGA.EE.A3J7.06A	0	0	0.000428348310045573	0.168546158457695	0.0515897224780453	0.0414849437606327	0.61743610995096	0.0997490888928482	0	0.020765628149774	0	0	0.210695006838105	1.1159196643567
TCGA.EE.A29W.06A	0	0.00480496132965039	0	0.177296622235373	0.0457759270048172	0.100305372680753	0.581155934786149	0.0906611819632569	0	0	0	0	0.208695791245335	1.09842843360878
TCGA.DA.A3F8.06A	0.0339768564984274	0.0078533549113314	0.483378857446009	0	0.0159533207843326	0.142705838351983	0	0.0592268880454398	0	0.226198345107949	0.0307065388545278	0	0.487145496258575	0.874094122064216
TCGA.D3.A8GK.06A	0	0.0500332750220766	0.0253692529539394	0.0527005801176091	0.0216534089399569	0.00257234155069953	0.552061756217636	0.148162175555097	0	0.147447209642985	0	0	0.16037702544614	1.11938088360481
TCGA.EB.A553.01A	0	0	0	0.0681712239902181	0.0327876983158349	0.0598883026108355	0.329306309424159	0.131938773463859	0	0.372315530758359	0.00559216143673429	0	0.516377641039432	0.860347501398271
TCGA.FS.A1Z0.06A	0	0.0442453385311699	0.14762462282582	0	0.0262392654890374	0.136704746407001	0.309949203517672	0.094304503686899	0	0.240932319542401	0	0	0.474738278332599	0.884936863524706
TCGA.EB.A44O.01A	0	0	0.0224525103475218	0.0643611967954406	0.0278646543574591	0.0202861490035595	0.633999380641019	0.142160161100959	0	0.0888759477540411	0	0	0.429045345024574	0.970252638728407
TCGA.ER.A3PL.06A	0	0.0806161946891099	0.0407738248793714	0.0280626545518373	0.059429769600488	0.14703993505142	0.297301538203128	0.0485436209497272	0	0.298232462074918	0	0	0.134842069659532	1.0598781835899
TCGA.FR.A728.01A	0	0.111958516289896	0.305381987699581	0	0.0680286241047584	0.22602947203748	0.188467616093059	0	0	0.0786600068277679	0.0214737769474574	0	0.43168617886765	0.906975218343592
TCGA.DA.A1IA.06A	0	0.0240347426762243	0	0.119802008448823	0.0616055529421171	0.0531223851962392	0.512130592755004	0.132755401208937	0	0.0965493167726554	0	0	0.180429370381032	1.08231739235281
TCGA.ER.A19L.06A	0	0.0836757017288877	0	0.143532906880863	0.0856134700462979	0.121322334934863	0.0615415987396044	0.0176167238231616	0	0.459699306782969	0.0269979570633532	0	0.198175238231805	1.06078864467976
TCGA.D3.A5GL.06A	0	0.0114203084353031	0	0.109052686765815	0.0330051990654232	0.0360681338079592	0.685491963510512	0.103925525675194	0	0.0210361827397932	0	0	0.340699933370914	1.05522775516638
TCGA.EE.A2GR.06A	0	0.0654077067110025	0	0.128147894766972	0.0230698541449829	0.00521833680238643	0.566447284657332	0.0406910752108342	0	0.171017847706491	0	0	0.214699482792961	1.08723280094149
TCGA.BF.A5EQ.01A	0	0.0668490491414254	0.0889826740151075	0	0.0220239311064169	0.0736732156807983	0.186261334112755	0	0	0.562209795943497	0	0	0.646953540207269	0.764254697709146
TCGA.EE.A2MU.06A	0	0.0157126603907208	0.204985111919718	0	0.0383804269817649	0.17402580764934	0.207613161847995	0.0703126443683871	0	0.288970186842075	0	0	0.540169625247899	0.844768978477568
TCGA.EB.A82B.01A	0	0	0.0547923482723853	0.032253767331204	0.00692610802303811	0.0879759852459097	0.213906815893972	0.0596458070467494	0	0.544499168186741	0	0	0.629132960563343	0.779339851561228
TCGA.D3.A1Q4.06A	0	0.0982905105114948	0.00396904799838103	0.0316098818996538	0.041440261633499	0.0988599537241258	0.234378051510006	0.0541844031873966	0	0.437267889535443	0	0	0.501855173090814	0.868720153925814
TCGA.EE.A29G.06A	0	0.182469541345845	0	0.0216231892040928	0.0749333370975985	0.14266971929535	0.174722661134773	0.00943897279412581	0	0.385180547788012	0.00896203134020296	0	0.497990332924164	0.867519660778536
TCGA.EB.A5KH.06A	0	0.0922648916686248	0	0.105053738634968	0.0281568111651604	0.0109594742068401	0.34552237570332	0	0	0.418042708621086	0	0	0.357910318650776	0.971855282834025
TCGA.WE.AAA3.06A	0	0	0.172064330488158	0	0.0559677555033013	0.195846388338827	0.196337331721421	0.100815119358134	0	0.277098929941248	0.00187014464891081	0	0.333078566616581	0.958165734667535
TCGA.DA.A1I1.06A	0	0.031841509933719	0.123478575952243	0	0.0256535549179893	0.163235762946956	0.0813746105290677	0.0901288045261679	0	0.4233456477393	0.0609415334545575	0	0.601474977647552	0.799465087653492
TCGA.EB.A3XC.01A	0	0.0472259888443045	0	0	0.0249563153686995	0.0822731233422427	0.537691140887018	0.104398423329397	0	0.203455008228339	0	0	0.491146606362377	0.893573680299476
TCGA.3N.A9WC.06A	0	0.103056483254217	0.349008481379866	0	0.0197565958740793	0.101076081298228	0.0313403526877269	0.0222788871632746	0	0.30714185427115	0.0663412640714575	0	0.497018767731669	0.867268452515112
TCGA.D3.A8GL.06A	0	0.0990038964111943	0	0.0839370644330296	0.0447642844822423	0.00825746467621258	0.610169157803393	0.103896414757219	0	0.0499717174367092	0	0	0.266934467814374	1.07141157557508
TCGA.WE.A8ZX.06A	0	0.00175622437213475	0.182821273245828	0	0.0204492655620065	0.07102782552974	0.304944918356841	0.132012886118008	0	0.286987606815441	0	0	0.412717689186973	0.925851259463333
TCGA.D3.A51H.06A	0.447960316997468	0.123494055040571	0.088637548407774	0	0.0186851851700863	0.0432439504275937	0.08800892104855	0.00610645602274741	0	0.156212445452814	0.027651121432396	0	0.684540876002432	0.73260495127133
TCGA.FS.A1ZC.06A	0	0.116456987351235	0	0.140283252942772	0.0335817141990021	0.0414892534648716	0.638322511480472	0.0192902734354913	0	0.010576007126156	0	0	0.257881725222058	1.08927932460123
TCGA.EE.A2MK.06A	0	0	0.153627380595207	0.0127687030404569	0.0147372682639024	0.204534104000476	0.00754551856746096	0.0135882060314018	0.0305078597146107	0.485595057505651	0.0770959022808338	0	0.538403155648383	0.846119079466801
TCGA.DA.A1I8.06A	0	0.0780872753251098	0	0.0658381694674403	1.41935720857478e-05	0.51825154412379	0.300573275721806	0	0	0.0372355417897681	0	0	0.0771229744870965	1.12888609509118
TCGA.D3.A1QA.07A	0	0	0	0.222734655344702	0.00338776248935321	0.0478872939481423	0.479158788892631	0	0	0.246831499325172	0	0	0.438037698479234	0.92316678190838
TCGA.EE.A2GH.06A	0	0.00127702474304057	0.29339190435018	0	0.0157491886375737	0.117191007946166	0.0369730352440039	0.114602757068491	0	0.399222403713296	0.0215926782972496	0	0.52526613693977	0.851274061163181
TCGA.EB.A44Q.06A	0.0264156925641289	0	0.111299714217009	0.110469582838234	0.0447278190833616	0.123534786681886	0.327523690035402	0	0	0.238534666040562	0.0174940485394158	0	0.513343352278593	0.863652371251571
TCGA.DA.A95Y.06A	0	0.0969652414720254	0.020003954448092	0.0426806238542159	0.0247708073344566	0.0208937504253616	0.436922371717849	0.0139872999250975	0	0.343775950822902	0	0	0.444430221529873	0.918343462596815
TCGA.DA.A95V.06A	0	0.0663742226382781	0.216277149848248	0	0.0253470057611327	0.0446857001340102	0.0226311494215473	0.069262750419754	0	0.523140970546997	0.0322810512300328	0	0.485555515237325	0.892295512680666
TCGA.D3.A3MU.06A	0	0.12395472239662	0.0169342793780595	0	0.020398254785612	0.101746478121773	0.11036206323528	0	0	0.626604202082655	0	0	0.623429640659399	0.792341801612994
TCGA.ER.A19C.06A	0	0.102162964265362	0.0117180491494315	0.0512462105211321	0.0459972675944123	0.137476029455988	0.416082163598533	0.0833630740657101	0	0.15195424134943	0	0	0.21262905062981	1.02795033220143
TCGA.BF.A3DL.01A	0	0	0	0.113153854548947	0.0778383175036012	0.0947379727175946	0.478547431387689	0.109069723113099	0	0.126652700729069	0	0	0.129412037813775	1.09448953373308
TCGA.EE.A29H.06A	0.0160964924605506	0.122609123505126	0.0171352294399512	0.051702262105138	0.0114642858269838	0.0500006482423672	0.302632490087359	0	0	0.428359468332524	0	0	0.587678586173604	0.80989878081708
TCGA.EB.A6QZ.01A	0	0.0574357414213214	0	0.0969371757521418	0.0522493557266925	0.0653687939242995	0.642278183576646	0.0282053754666363	0	0.0575253741322629	0	0	0.26568725006553	1.07878285550511
TCGA.XV.A9W2.01A	0	0.0377994458522549	0.0181607681746657	0.0572733920811753	0.0280469525510107	0.0449220970503296	0.469792041843761	0.127245448404279	0	0.216759854042524	0	0	0.178814560274484	1.0739092528561
TCGA.FR.A8YC.06A	0	0.0183369386772467	0.0690765130134687	0.112917058937483	0.00818792817114929	0.0644201897042889	0.119656103086685	0	0	0.596810956671404	0.0105943117382748	0	0.589268861180881	0.81926890288533
TCGA.DA.A3F3.06A	0	0.0223412500070765	0	0.0887170287472999	0.0320089070712326	0.0736169950323353	0.545040280759497	0.0375694290291768	0	0.200706109353382	0	0	0.289204161521759	1.02827023949257
TCGA.EB.A3XF.01A	0	0.0644792838027125	0.0922602265577232	0.0279828390193933	0.0271116107424525	0.239390000789249	0.399607140124229	0.109609324389656	0	0.0395595745745854	0	0	0.163938126826716	1.06313184015925
TCGA.FW.A5DY.06A	0.245803027094835	0.170760117386641	0.0589035351856255	0	0.0261523737478393	0.0331241456113132	0.0681456114203646	0	0	0.389451509248777	0.00765968030460412	0	0.585951113731976	0.811425027525338
TCGA.D3.A3MV.06A	0	0.137736871769659	0	0.110017422680327	0.0416291757105727	0.112637736189216	0.57528274582521	0	0	0.0226960478250153	0	0	0.20571631625966	1.08605321605922
TCGA.D9.A3Z3.06A	0.0604896378119536	0.0561774527037372	0.116814316083437	0	0.0232929944575648	0.0576880338850886	0.10982920947673	0.0426115337764873	0	0.499632520808956	0.0334643009960459	0	0.655272729204651	0.754705269066179
TCGA.YD.A9TB.06A	0	0.032452328879311	0	0.00577176280518665	0.0651476040684239	0.0815950201888953	0.268111285835561	0.113818326200647	0	0.433103672021975	0	0	0.501725373371637	0.871765259073656
TCGA.FS.A1ZP.06A	0.0318025263758593	0.215119726648348	0.0689081023936079	0	0.0313822746426084	0.136511852053179	0.12773045917082	0	0	0.388545058715576	0	0	0.336406629392082	0.959571039390988
TCGA.FS.A1Z4.06A	0.123671634777425	0.138431041747076	0.0899521853024202	0	0.029681428851816	0.0686372220521154	0.217300185025526	0.0269849757874833	0	0.305341326456138	0	0	0.592030503796085	0.810150502819732
TCGA.D3.A1Q1.06A	0	0.125036039831273	0	0.126002842466733	0.0604365598132092	0.120929478753344	0.471058922573943	0.0687197076662475	0	0.0278164488952506	0	0	0.114346174056315	1.09830795148275
TCGA.RP.A693.06A	0	0.0359583453557334	0.0917326551457437	0	0.0295108274810975	0.0822078209559683	0.170784053021623	0.0974404902975572	0	0.492365807742277	0	0	0.629100499228953	0.776941708221053
TCGA.ER.A19J.06A	0	0.114419444550654	0.0488571735871864	0.0374156696297165	0.0440513708392857	0.173888427425991	0.251908414725549	0.0627366431254199	0	0.266722856116197	0	0	0.257853679874466	0.989254891075064
TCGA.D3.A3ML.06A	0	0.0226235276203823	0	0.0774416711018908	0.0179453139469084	0	0.575576247045398	0.0960936775596537	0	0.210319562725767	0	0	0.180858240485509	1.11568971656629
TCGA.EE.A2GB.06A	0	0.133406257528631	0.0205268531484007	0.0135646367594787	0.0341674305754513	0.0646670808241291	0.314727211992674	0	0	0.418940529171235	0	0	0.42991224570814	0.919688955183194
TCGA.D3.A5GN.06A	0	0.0561090284161781	0.0890083553073563	0	0.0214284902845335	0.0770187254889883	0.300913380498398	0	0	0.455522020004546	0	0	0.50139389474772	0.877757328503732
TCGA.FS.A1ZT.06A	0	0.156793936070172	0.212005598692409	0	0.0349324347047243	0.0742125987749254	0.112902461733352	0	0	0.392632088361745	0.0165208816626723	0	0.560134305115333	0.827682753580553
TCGA.ER.A19M.06A	0	0.0769432202207228	0.242111452226237	0	0.0269401179225257	0.172927394921974	0.317635223303872	0	0	0.163442591404668	0	0	0.469230571929971	0.891580654453598
TCGA.EE.A20I.06A	0	0.0547934661186451	0.0807260766721673	0	0.0251966887001673	0.0694222894780508	0.336053062164559	0.11253252319639	0	0.32127589367002	0	0	0.461594034011033	0.894848301990761
TCGA.EE.A185.06A	0	0	0	0.145732058068899	0.025587056919605	0.000637621117276463	0.488677017993594	0.050881897934649	0	0.288484347965976	0	0	0.336327893641635	0.997748575641469
TCGA.ER.A19H.06A	0	0.062444975153042	0.134082311569778	0	0.0709802660327442	0.0970607382666741	0.269133778198967	0.0340433660559286	0	0.332254564722866	0	0	0.49664367772791	0.87240487423048
TCGA.EB.A5SE.01A	0	0.0453945365458053	0	0.102024384685297	0.0134608726201483	0.022059319576279	0.289194949565064	0.0358841450621023	0	0.491981791945304	0	0	0.506451751751625	0.875948453169883
TCGA.GN.A267.06A	0	0.11265305618829	0.117211027813421	0.0334216819236808	0.035313069468097	0.0611032058460312	0.229817021923967	0	0	0.410480936836513	0	0	0.592101834881508	0.806213564555174
TCGA.EE.A3JE.06A	0.0452694943578075	0.0856693054705819	0.356531219025911	0	0.00920165580296463	0.138164046653848	0	0	0	0.360474514106066	0.00468976458282161	0	0.502491744187	0.864998525315327
TCGA.BF.A9VF.01A	0	0.0233198916905175	0.0391932293242119	0.042551460235523	0.028541586132454	0.0129934092042503	0.598594293160754	0.148811445678322	0	0.105994684573967	0	0	0.237752875174593	1.0922942228243
TCGA.FS.A1ZA.06A	0	0.0639426872049292	0.0890613360258102	0	0.0161733192258881	0.0679932791384369	0.232277160558145	0	0	0.530552217846791	0	0	0.614956837976556	0.79171050180798
TCGA.D3.A5GS.06A	0	0.0784597864696578	0.271910988644184	0	0.0590935976355334	0.195100515935991	0.128783835200361	0.0328497494125614	0	0.20400543552939	0.0297960911723209	0	0.26299074347015	0.985902762736993
TCGA.QB.AA9O.06A	0	0	0.263084882195225	0	0.0177823764955906	0.0793894082997087	0.138771029122778	0.17984289235366	0	0.291731312296056	0.029398099236982	0	0.341662809904472	0.956948191918445
TCGA.FW.A3TU.06A	0	0.0928416652830198	0	0.0649148125640068	0.0214367707886943	0.077074635888343	0.12034629931793	0	0.0528896110611632	0.558703473227934	0.0117927318689087	0	0.596776811609133	0.806532074182213
TCGA.ER.A19O.06A	0.0113555771620286	0.0301711850073587	0.157497119992845	0	0.0461524763319483	0.356848319485003	0	0.00506553765772063	0.0449178705231334	0.275183555726733	0.072808358113229	0	0.491575602182373	0.871023306768589
TCGA.D3.A8GP.06A	0	0	0.0247833362122307	0.128101550904463	0.0239296741699419	0.0120262025607168	0.509686490160192	0.107156622110193	0	0.194316123882262	0	0	0.25040980995432	1.05235393685305
TCGA.EE.A2MQ.06A	0	0.131304715114638	0	0.0728552203527285	0.0351801793633978	0.0641468969139015	0.407848665857491	0	0	0.288664322397844	0	0	0.42449026055411	0.919229560450486
TCGA.D3.A2J6.06A	0	0.0163204453171315	0.254851546435069	0	0.0456195003464588	0.0747215300480737	0.452993090331965	0.10135733694147	0	0.0541365505798317	0	0	0.382212673972232	0.978543752365841
TCGA.GN.A4U4.06A	0.00362283688359363	0.1265199659444	0.0537278305436111	0.0465188315066934	0.0361492316912493	0.0164176962567477	0.384685173824688	0.0503289534931721	0	0.282029479855845	0	0	0.313284424123367	0.986538015150376
TCGA.D3.A2J9.06A	0.109379811123227	0.0941293610973455	0.218579578694624	0	0.0182325678226507	0.109693569232439	0.0224634428402806	0	0.103663146450941	0.258764552653488	0.0650939700850049	0	0.526725620613206	0.850949653847482
TCGA.EE.A2MI.06A	0	0.077620783606888	0.178448859127018	0.00134719234043631	0.0380100046786323	0.362407400586862	0.116955297208539	0	0	0.222454996638731	0.00275546581289246	0	0.301029896317186	0.973940204969027
TCGA.D3.A8GJ.06A	0	0	0.319753321315979	0	0.0170221073206324	0.113071256385176	0.0794622265940141	0.115585297126165	0	0.321690639566994	0.0334151516910386	0	0.337759901245399	0.960845382835421
TCGA.GN.A9SD.06A	0.131481505162393	0.19568670968102	0	0.0496880567938244	0.0346454394462375	0.0709535694123797	0.0864743395880075	0	0.0533329268643371	0.319111531541301	0.0586259215105003	0	0.613681896578431	0.797132090679407
TCGA.ER.A197.06A	0	0.0975811939388169	0.257008006519377	0	0.0364223045803066	0.333323587124085	0.227773365828778	0	0	0.0478915420086367	0	0	0.499564551918814	0.872709186215692
TCGA.GN.A4U9.06A	0	0.0691356717237831	0.022242951215098	0.0488274203271837	0.0266511364352293	0.0860646578701012	0.578639085281007	0.070392880675006	0	0.0980461964725914	0	0	0.423274777599229	0.950157124066588
TCGA.EE.A20C.06A	0	0.126755886697265	0	0.0437241862759321	0.02419334153903	0.146805241128067	0.520393082649491	0.0468247826335606	0	0.0913034790766548	0	0	0.114635024953275	1.10903943202106
TCGA.D3.A3C3.06A	0.000832938353230093	0.147474644522028	0.0834264642188335	0	0.0184310069306071	0.063835435056266	0.436959064659304	0	0	0.249040446259731	0	0	0.465896093401314	0.898757638543135
TCGA.FS.A4FD.06A	0	0.0768561850695798	0.109133819329782	0.0142231273088027	0.0271277514534448	0.0489396291229365	0.452021251767954	0.0233522778693314	0	0.248345958078169	0	0	0.386460889860743	0.956935106016639
TCGA.EE.A3JI.06A	0	0.113084646409978	0	0.078045912972256	0.0203007326428884	0.0856838680053775	0.477520234809997	0	0	0.225364605159503	0	0	0.2727055456985	1.01609725105236
TCGA.EE.A3J8.06A	0	0.111370624518819	0	0.221750674688489	0.0863670864701511	0.0393480716946513	0.531541436012873	0.00854730949982384	0	0.00107479711519286	0	0	0.11245969357235	1.13684602620664
TCGA.EE.A20B.06A	0	0.0633748056716838	0.0669127204809079	0	0.0330406639161041	0.0887190461974937	0.102606761700676	0.0541920682383652	0	0.591153933794769	0	0	0.596912724001732	0.811064515108121
TCGA.BF.AAP8.01A	0	0	0	0.245454641263387	0.0813774309507048	0.132076149949684	0.171878290065173	0.0050377539707981	0	0.269114480518388	0.095061253281864	0	0.204169445436355	1.01279310711857
TCGA.FR.A44A.06A	0	0.0355711465198939	0.383367491314855	0	0.023798358411966	0.237746827636782	0.0543570721837311	0.113037284904847	0	0.132402112913324	0.0197197061146016	0	0.525938807401666	0.850859017241831
TCGA.EE.A29E.06A	0	0	0	0.0391895370178932	0.0376992226517646	0.0456463583458934	0.635765967474096	0.17024266135196	0	0.0714562531583929	0	0	0.301941816862874	1.05620960451182
TCGA.EE.A2MC.06A	0	0	0.285350089511841	0	0.0287998831583191	0.18565901395965	0.107684529988992	0.097834964642848	0	0.260230121005067	0.0344413977332829	0	0.451211165137482	0.893345175135702
TCGA.ER.A3ET.06A	0	0.0650328000223399	0.0600598269496173	0	0.0253494746026375	0.246771024432295	0.244087467020573	0.00673269919845618	0	0.34979569563565	0.00217101213843118	0	0.563677102444645	0.830369606753632
TCGA.EE.A2MG.06A	0.198869378297939	0.192232087332966	0.0585952474474164	0.0485412568390393	0.0528755437897172	0.0671613797603803	0.0950987981261289	0	0	0.283736933075163	0.00288937533125071	0	0.668241313627741	0.759055356734606
TCGA.D3.A2JN.06A	0	0.0226480770991782	0.214664597839592	0	0.00764315699552714	0.0458100383129359	0.0885090513502062	0.00329114496497974	0	0.617433933437581	0	0	0.602828748639704	0.812957064451094
TCGA.EB.A3XE.01A	0	0.199576090859369	0.0644226117632595	0.0252449785205855	0.0709048060278731	0.0753771292382007	0.044736238491674	0	0	0.462666676239387	0.0570714688596511	0	0.36718599848154	0.959226211623051
TCGA.ER.A19W.06A	0.014838302779371	0.0299398668959069	0.266040249719485	0	0.0333461856529902	0.167350906409553	0.206937274661837	0.1581141832048	0	0.123433030676057	0	0	0.492785223091833	0.87187900008431
TCGA.BF.A1PZ.01A	0	0.0299807218355369	0	0.0812171793779595	0.0404419884704967	0.0592208010820643	0.436334741550773	0.0181996548848373	0	0.334604912798332	0	0	0.471311977812952	0.899178815895265
TCGA.D3.A8GD.06A	0.105834305520205	0.090629492970774	0.184740279958979	0	0.0238047229796028	0.0910933588249269	0.122669632296066	0.0624256171834039	0	0.299323124820161	0.0194794654458809	0	0.595102352585941	0.809503121281603
TCGA.D3.A8GR.06A	0	0	0	0.148313502392122	0.0685019309697221	0.061455923095983	0.423462554870722	0.117785684719001	0	0.180480403952449	0	0	0.0402803487751351	1.1266853725088
TCGA.EE.A3AB.06A	0	0.0752572309267946	0.0479920488677225	0	0.00303575024009054	0.352043764981592	0.111015401539159	0	0	0.404786768767238	0.00586903467740356	0	0.603720750067498	0.797823789236603
TCGA.D9.A148.06A	0	0.134775963062357	0.0892060289063593	0.00888160628466442	0.0216739878836938	0.041868196798174	0.170450908188787	0.0287475071650599	0	0.501630598532838	0.00276520317806613	0	0.531282242497915	0.853373389042368
TCGA.EB.A6R0.01A	0	0.0426923420797522	0.251779143392246	0	0.023404096666568	0.117558555639798	0.35711291015209	0.0540264055393698	0	0.153426546530175	0	0	0.460971550505564	0.901602547540102
TCGA.D3.A3CB.06A	0.0554094660538459	0.0198298709083127	0.13050563623	0.0999138276488368	0.039058468602739	0.127023545111939	0.0304602919948796	0	0	0.422068167188441	0.075730726261007	0	0.557938765816919	0.829401501649295
TCGA.EE.A2GK.06A	0.424231811451324	0.202111960699201	0.0624569745885442	0	0.0388376835034577	0.0378924259944557	0.0701480065878983	0.0167089960177935	0	0.147612141157326	0	0	0.681327852624875	0.737249978972331
TCGA.EE.A181.06A	0.0178679669725824	0.0478261882196186	0.14518968814901	0.00793416919103938	0.0182046593760381	0.127001678977128	0.239484477879776	0.0724795760569826	0	0.324011595177825	0	0	0.428688167560484	0.90919021614798
TCGA.ER.A2NE.06A	0	0.0401202420337681	0.0109547856581813	0.0524417791931284	0.0196546154708219	0.0119359275391409	0.684756995577481	0.0849851171767746	0	0.0951505373507033	0	0	0.402315792973545	1.00608649523959
TCGA.WE.A8K5.06A	0	0.0413076845403725	0.0832607193112266	0.0253117179447737	0.0350001179523679	0.0821208546670568	0.522554182857145	0.0807094720565885	0	0.129735250670469	0	0	0.413651007428109	0.949298416215181
TCGA.DA.A1IC.06A	0	0.137995863850621	0	0.172200637253291	0.0817451737762678	0.0792501989992321	0.329235496996243	0.0533013486706489	0	0.146271280453696	0	0	0.175210568113169	1.0310619945579
TCGA.D3.A51G.06A	0	0.0891250632642265	0.195575568585573	0	0.0279730352120465	0.0828093531105354	0.51130165298263	0.0338325703270345	0	0.0593827565179539	0	0	0.355762025231937	0.999884902997498
TCGA.BF.A1PV.01A	0	0.00395546772925113	0	0.0818400656922967	0.00861449708091275	0.027790307577424	0.408060522159894	0.175747120449688	0	0.293992019310534	0	0	0.325001066400295	0.984162532892707
TCGA.FS.A4FB.06A	0	0	0	0.148032600477941	0.0330302490315191	0.0371997828299091	0.623073522215407	0.095184152910332	0	0.0634796925348921	0	0	0.15790111386723	1.14846111857159
TCGA.BF.A1Q0.01A	0	0.0689189871171423	0.0394034439155237	0.0131276037828181	0.0370123119205508	0.0419670663442712	0.462063185635675	0.117538875807326	0	0.219968525476693	0	0	0.370765166884188	0.961238958956156
TCGA.FS.A4F8.06A	0.121854147300124	0.299261580385931	0.0780802455446899	0	0.037416385025708	0.0569737589699205	0.101863807085371	0	0	0.304550075688256	0	0	0.491873226198081	0.87046560823665
TCGA.FS.A1ZY.06A	0	0.0657824271808494	0	0.138658043742422	0.0778387540148111	0.0256060339786144	0.596520030070385	0.0395480391142011	0	0.0560466718987169	0	0	0.158192271024418	1.13190799950238
TCGA.ER.A19E.06A	0	0.0386156142748133	0	0.0906074585935552	0.0154832945261292	0.0893719621756127	0.518719402312101	0.0190902489237891	0	0.228112019193999	0	0	0.381300960843926	0.963698929602398
TCGA.GN.A26D.06A	0	0.0629178628260603	0.0478926555614084	0.00521267870303396	0.00705217908243858	0.0426057898067059	0.442071997244123	0.0784119718066118	0	0.313834864969618	0	0	0.375287396452919	0.962767005009646
TCGA.D3.A3MO.06A	0	0.11036272764958	0	0.110182567300821	0.0502357046913198	0.103287287010812	0.582168993621129	0.0118510042270988	0	0.0319117154992392	0	0	0.23717719884295	1.07006799798346
TCGA.EE.A2GJ.06A	0	0.0877502428465924	0.208276696032141	0	0.0325789953166435	0.291144873694503	0.313541737576277	0	0	0.0667074545338434	0	0	0.323504502009821	0.974855176891307
TCGA.D3.A3C6.06A	0	0.0368100776122662	0	0.14672520591456	0.0347659920565996	0.066509140175444	0.660080808276576	0.0411211642152852	0	0.0139876117492691	0	0	0.287855838996127	1.07847425242509
TCGA.3N.A9WD.06A	0.0429640767118269	0.122543087464049	0	0.0162849545037755	0.028656784875839	0.0369563945730593	0.114376984271349	0	0.0410473243532621	0.590575993850226	0.00659439939661323	0	0.554362453130664	0.8513654403117
TCGA.D3.A2JC.06A	0	0.0973385988965606	0.041384617428872	0.0437544078819215	0.00953660938111606	0.129894203798727	0.2111728584466	0	0	0.466918704166203	0	0	0.534338814926038	0.84772235861541
TCGA.FR.A7UA.06A	0.0355848074095149	0.00651291585924287	0.405175806320799	0	0.0122849913518627	0.15953405709321	0	0	0.0517980558049013	0.253574611551429	0.075534754609041	0	0.441232322274814	0.90015729216784
TCGA.GN.A26A.06A	0	0.058596185912538	0.209162126166663	0	0.0284478897841233	0.343331295018906	0.128069196223548	0.131305530522618	0	0.0643309216621447	0.0367568547094592	0	0.266172413996346	0.986893868574709
TCGA.D3.A1QA.06A	0	0	0.0054339757499012	0.0631190474143341	0.0372959366599248	0.0541794847683368	0.43496261037368	0.153601538786343	0	0.25140740624748	0	0	0.372271378196408	0.955701976340628
TCGA.D9.A6E9.06A	0	0.081868912906851	0.328389214589548	0	0.0253421423620015	0.172396360387289	0.0558747129672032	0	0.0237549258659858	0.303466310905618	0.00890742001550358	0	0.559160108280837	0.829885096609381
TCGA.EE.A184.06A	0	0.0855895514134536	0.156735022580518	0	0.0260438923001881	0.0889285352697055	0.181388476421768	0.0693133852969341	0	0.392001136717433	0	0	0.35460862289782	0.955297768083737
TCGA.DA.A95W.06A	0	0.035147407625256	0.114269841376112	0	0.0309051763753411	0.0467992683666863	0.260956089165354	0.11618683568465	0	0.3957353814066	0	0	0.517806802194304	0.85902684317651
TCGA.EB.A3Y7.01A	0	0.0482048582457888	0	0.0555541651216954	0.0203932001791704	0.0188449130252696	0.482258172526627	0.0645738687449973	0	0.310170822156451	0	0	0.312878862415994	1.0092111330834
TCGA.EB.A97M.01A	0	0.0716527930114351	0.112902531349199	0	0.0306302481652143	0.109297077482651	0.262411365190927	0.0661356674188056	0	0.346970317381768	0	0	0.398473263485417	0.928722346376779
TCGA.EB.A6L9.06A	0.131533630187934	0.164851122510164	0.111078035651486	0	0.0506810499338977	0.0341747482460216	0.0914135334670054	0.0360804180086711	0	0.38018746199482	0	0	0.627842784607676	0.780102396721946
TCGA.BF.A3DN.01A	0	0.127878483115968	0	0.123637441536206	0.0915520168652699	0.105896219791069	0.496105112140494	0.0543275997222072	0	0.000603126828785604	0	0	0.0881650639887635	1.1250310437826
TCGA.EE.A29B.06A	0	0.0481008648533998	0.00466037817431626	0.0693765090109169	0.021473826733807	0.124186863914887	0.563686561347926	0.134891113005403	0	0.033623882959344	0	0	0.329629217514693	1.00889283696255
TCGA.GN.A4U8.11A	0.177128381061165	0.104326547825781	0.217252370254041	0	0.0227121407699558	0.100235467863419	0.0897406292112383	0.0398067517349514	0	0.24567215798926	0.0031255532901894	0	0.549817082237007	0.837450094765934
TCGA.FS.A4F9.06A	0	0.0586791355659579	0	0.0928556910594607	0.0231301715236315	0.0336475976040175	0.55478759557072	0.0653604836198501	0	0.171539325056362	0	0	0.312987754728091	1.01747307548826
TCGA.EB.A41A.01A	0	0	0	0.131145708575038	0.000690732867473845	0.0281485908855299	0.3691786982444	0.0344249883318484	0	0.436411281095711	0	0	0.404259711956915	0.948909909827607
TCGA.Z2.AA3S.06A	0	0.0685484546269227	0.0230577530545259	0.0931233909347717	0.0212239900159526	0.0711029394397597	0.456727141664665	0	0	0.266216330263403	0	0	0.439790277244953	0.917621949121783
TCGA.EE.A2GC.06A	0	0.0581574734126458	0.166424211102492	0.0334843341191105	0.0272445218973156	0.115934052471174	0.0711380106189349	0	0.0107884296951598	0.487493518676449	0.0293354480067183	0	0.569535989466403	0.822788386963019
TCGA.D3.A2JA.06A	0	0.159611045773647	0.0635286670094815	0	0.0485091656406332	0.292349411253218	0.24914346215074	0	0	0.18685824817228	0	0	0.288009882172923	0.975412524249601
TCGA.EB.A430.01A	0	0.0671270177977249	0.140853025489947	0	0.011707170401564	0.0364100766370339	0.196832773846871	0.0578736878518975	0	0.489196247974962	0	0	0.479744869416106	0.892378318950267
TCGA.EE.A17Y.06A	0	0.0707015194226364	0.0256934617997242	0.0118551219203965	0.0171747288186471	0.0576225080494275	0.405533599303504	0.060651567145695	0	0.350767493539969	0	0	0.324592753855818	0.988972675225734
TCGA.EB.A5SG.06A	0.00418836140425967	0	0.303299670254065	0	0.0191885691555971	0.146586357595125	0.0418526341500066	0.0987015667039794	0	0.345738576707544	0.0404442640294232	0	0.494229040866631	0.869331372283196
TCGA.YG.AA3N.01A	0	0.083037148819889	0.23588709469542	0.102777614880075	0.0274096100869143	0.156402885451181	0.0800697083939491	0	0	0.280629617252547	0.0337863204200244	0	0.468555274985812	0.882701785010349
TCGA.DA.A1HW.06A	0	0.0748994193756317	0.196036523250997	0	0.0385511438590124	0.101724202352419	0.21460195933237	0.00245532752265153	0	0.357360919515641	0.0143705047912772	0	0.494297147310627	0.872075197316147
TCGA.EE.A29Q.06A	0	0.0602971586737941	0.0269846721030935	0.0211943143826412	0.0167337892741808	0.0629681606547185	0.367890343462859	0.112776212539321	0	0.331155348909392	0	0	0.26299531963633	1.01410859520729
TCGA.EE.A3J5.06A	0	0.060317953792113	0.181028396352123	0	0.030900739209733	0.126342832573338	0.216890069696013	0.0599371512474432	0	0.324582857129237	0	0	0.512555222008662	0.859854348971422
TCGA.FS.A1YY.06A	0	0.0343628234730973	0.00708006226850273	0.0554255409988427	0.0435329659604805	0.218690992542859	0.433319962740003	0.114831614676466	0	0.0927560373397486	0	0	0.188672578138449	1.04678036334327
TCGA.DA.A3F2.06A	0.000116224486595978	0.0344816607512766	0.203283097241289	0	0.0290725814207882	0.13679603089404	0	0.105070096735655	0.00623846079312389	0.475174169168606	0.00976767850862491	0	0.560275305598339	0.829535726281098
TCGA.BF.A5ER.01A	0	0.0340382483439768	0	0.0620977869926552	0.0412655704592247	0.055396516785885	0.566040376355275	0.168021993747166	0	0.0731395073158168	0	0	0.220854887637281	1.07867213636325
TCGA.IH.A3EA.01A	0	0	0.0592463584999985	0	0.033528525074918	0.176751746616183	0.498494065070675	0.175327912463782	0	0.0566513922744435	0	0	0.212727108685092	1.06317771928188
TCGA.D3.A51T.06A	0	0.00529696291807396	0.00279234755240868	0.0103184105052178	0	0.0738892270705646	0.258554652478433	0.0382133153154382	0	0.610935084159864	0	0	0.628371282846462	0.789180329533479
TCGA.RP.A694.06A	0	0.0146179023416428	0.0967248920862654	0.00426608404255067	0.0201602044206549	0.0584626895328601	0.211102383775282	0.123300979726522	0	0.471364864074222	0	0	0.551177760628318	0.837479013101275
TCGA.GN.A265.06A	0	0.104056847332309	0.088390237827191	0	0.0356699273669145	0.151449226139322	0.155662486750223	0	0	0.44233731450352	0.0224339600805205	0	0.595613016402785	0.803338866683701
TCGA.EE.A2MS.06A	0	0.0303600297024278	0	0.117087908121772	0.019046664562519	0.0493494327416762	0.368901464414579	0	0	0.415254500457026	0	0	0.501175569289046	0.877089692373327
TCGA.EB.A3XD.01A	0	0.126913274651349	0.00687812640990225	0.0320194302974084	0.0795997201481417	0.138716397425164	0.0410482236928193	0.0407313579104714	0	0.48955672525607	0.0445367442086743	0	0.569342957138359	0.824167649960783
TCGA.ER.A194.01A	0	0.118728439827284	0.272130941256414	0	0.0845158836928277	0.213071149661899	0.0870467679138767	0	0.0227922302924918	0.158551689842458	0.0431628975127492	0	0.170835420796962	1.02438467718903
TCGA.EE.A3J4.06A	0	0.00686333856322281	0.0939401666021892	0	0.0259129808954973	0.105510545965417	0.436080937113248	0.129391552731607	0	0.202300478128818	0	0	0.224644296070252	1.04313269331483
TCGA.EE.A2MH.06A	0.121956811466276	0.130737295584143	0.0685319185375454	0	0.02363730632885	0.0507033876410602	0.171689925683727	0	0	0.430174056035479	0.00256929872291876	0	0.623037012960666	0.781769858986252
TCGA.D3.A8GO.06A	0.106467923258519	0.0784431678354163	0.0873228009828118	0	0.0245259020723282	0.026004916911397	0.0290633755353885	0.0174584249861645	0	0.602358884971308	0.0283546034466663	0	0.54678212952253	0.868271932688061
TCGA.D9.A3Z4.01A	0	0.0552540690087725	0.0505742409141935	0	0.0384090131409008	0.0735979263141702	0.161719709509824	0.0759337448277595	0	0.544511296284379	0	0	0.578131570851083	0.821470972179885
TCGA.GN.A266.06A	0	0.0752946926269994	0.0135928581087191	0.0295987305232704	0.0398022287874664	0.242030130340391	0.228388387631742	0	0.0438572332890663	0.327435738692346	0	0	0.577008908638634	0.822580669913359
TCGA.GF.A6C9.06A	0.0892567416478567	0.0561498478406649	0.148066564843567	0	0.0190930980751197	0.117270520653714	0.119073448360872	0.0985167367559476	0	0.346123003687044	0.0064500381352136	0	0.583486666748657	0.814439905445204
TCGA.FS.A1Z3.06A	0	0.0564184696182857	0	0.209771103073753	0.086913866211247	0.054124156883254	0.527957516893716	0.0648148873197438	0	0	0	0	0.147155727543168	1.11623702051513
TCGA.ER.A19G.06A	0	0.0363442521915248	0	0	0.0325850868359116	0.164036575206398	0.390002982748695	0.103803432300785	0	0.273227670716686	0	0	0.516231965323676	0.863870643385293
TCGA.EB.A5UL.06A	0.0155448847024522	0.0071561123988681	0.111270331385376	0.0359220529199828	0.0142519012651047	0.0438814702476992	0.319876370934189	0.0372233623439563	0	0.414873513802371	0	0	0.562186618460499	0.832574121174033
TCGA.FW.A3R5.06A	0.0135478722357211	0.0691542716496833	0.0913733300812688	0	0.024060015769683	0.0728821448843766	0.432770769670456	0.112504253742355	0	0.183707341966457	0	0	0.470344261035449	0.894981201537613
TCGA.EB.A42Z.01A	0	0.149536141358094	0.0970376788083208	0	0.0268744467727739	0.0875954454015547	0.327203260466611	0.107911865161404	0	0.203841162031242	0	0	0.173304219336825	1.03910985676362
TCGA.EE.A2MP.06A	0	0.071409632711663	0.241970554476908	0	0.0661785967988556	0.263972343696383	0.245788726016115	0	0	0.0449243508843142	0.0657557954157611	0	0.285404483892307	0.988399074322401
TCGA.D3.A1Q3.06A	0.0412406207876556	0.105924707147342	0	0.0907893757166322	0.0238172103451731	0.078801547743362	0.205425933695218	0	0	0.454000604564617	0	0	0.630136860288923	0.776540051184607
TCGA.FS.A1ZZ.06A	0	0.0170257898464525	0.0153205265234156	0.0484834738501283	0.0134075286353649	0.0292685496232617	0.295679389050301	0.14827436127371	0	0.432540381197366	0	0	0.240381217627024	1.04020839626636
TCGA.EB.A82C.01A	0	0.0379934645944892	0	0.146612967163001	0.00906759659298408	0.00749630076359329	0.455721654399452	0	0	0.34310801648648	0	0	0.376460487204829	0.96878159330782
TCGA.D9.A1JX.06A	0	0.0488915773134915	0.260848142564256	0	0.0223486595896936	0.11841429498786	0.264226255153141	0	0	0.285271070391558	0	0	0.460306093761145	0.895647758355854
TCGA.EE.A29X.06A	0	0.026309026941646	0.111267583971537	0	0.0372357989308374	0.130346236900322	0.25911520190249	0.0529705447428718	0	0.382755606610297	0	0	0.495778540268673	0.873502726119353
TCGA.D9.A4Z3.01A	0	0	0	0.126944027851057	0.0356495065881245	0.134495959245467	0.597368686994176	0.0176893567369749	0	0.0878524625842001	0	0	0.233305294815569	1.07843161476207
TCGA.EE.A183.06A	0.0982091339401325	0.167275892318859	0.0833050078873413	0	0.0715301010920163	0.0422526676128237	0.196865653066829	0.0256902832988693	0	0.314871260783128	0	0	0.537901473079686	0.842969615078156
TCGA.D3.A1QB.06A	0.00258651206912588	0.0391184256338531	0.336500185509603	0	0.0334598246739433	0.14737961639368	0.0655832287291929	0.000993242388637564	0	0.354558331426027	0.019820633175938	0	0.523215854850868	0.852091277817028
TCGA.EE.A3AH.06A	0	0.028466478916945	0	0.0772036567224767	0.0286814029051071	0.050360503956806	0.42223028623043	0.0845236835931506	0	0.308533987675085	0	0	0.192886233685839	1.06161848988642
TCGA.EB.A41B.01A	0	0.0895169697602169	0.0933747488418202	0.139084805205146	0.0330454995905069	0.053232881111993	0.515637372981572	0	0	0.0761077225087454	0	0	0.273531586437711	1.04257394150527
TCGA.WE.A8ZT.06A	0	0.122581173479469	0	0.108256600101357	0.0352561811124538	0.0415256650378388	0.393010423791261	0.0228614268651599	0	0.276508529612461	0	0	0.130447899310329	1.08012624684979
TCGA.EB.A4IS.01A	0.106328383218851	0.0409739257286113	0.178751327163399	0	0.0216160216562091	0.0761464084125557	0.10180679995824	0.0430043134791816	0	0.409450324929766	0.0219224954531872	0	0.489628170663537	0.875969976003133
TCGA.EE.A3AG.06A	0	0.0774986158927856	0.0450424663112541	0.0597120725283281	0.00388743304801328	0.0771199948736853	0.603589048833569	0.0419134986810587	0	0.0912368698313054	0	0	0.280160412782354	1.05957989716203
TCGA.DA.A1I4.06A	0	0.101283409124328	0	0	0.0333086747565239	0.389260788670842	0.288825585122547	0.128313369257623	0	0.0590081730681359	0	0	0.423690779836565	0.914603306334307
TCGA.GN.A8LL.06A	0	0.0603355691145951	0.0745301451363518	0	0.0256331960926765	0.00272060240311985	0.222499937935414	0.0800195109347505	0	0.534261038383093	0	0	0.547045300105589	0.849218233407382
TCGA.EE.A3J3.06A	0	0.0449198231794739	0.03534932013054	0.0137210067413221	0.0362164442113596	0.102854844815764	0.390160668561796	0.0274282435615333	0	0.349349648798211	0	0	0.505030507598149	0.873453276589856
TCGA.EB.A51B.01A	0	0	0.000398935561968636	0.0903043280851974	0.0400251804811702	0.0467474703493639	0.695452816631773	0.105039037762223	0	0.022032231128304	0	0	0.328272956152467	1.06715825145761
TCGA.D3.A8GC.06A	0	0.0924346265449486	0	0.109953064449612	0.0185309187420072	0.0596775889423939	0.223825819554882	0	0	0.495577981766156	0	0	0.576670304907059	0.818559410984117
TCGA.BF.A5EP.01A	0	0	0	0.191072283623276	0.0284782691516577	0.0278770697231207	0.629762763238434	0.051379039285675	0	0.0714305749778365	0	0	0.197021431644466	1.12879673222297
TCGA.W3.AA1Q.06A	0	0.153836733693092	0.0964061840554246	0.0832512922766066	0.0306092131238188	0.0577783222041709	0.0718075450424055	0	0.00299423223654138	0.462535391139086	0.0407810862288539	0	0.443497881433932	0.909020547903214
